time[s] raw_val V   CHG Pin
5	250	0.1987	0
10	249	0.1979	0
15	251	0.1995	0
20	250	0.1987	0
25	251	0.1995	0
30	250	0.1987	0
35	251	0.1995	0
40	251	0.1995	0
45	251	0.1995	0
50	250	0.1987	0
55	250	0.1987	0
60	249	0.1979	0
65	251	0.1995	0
70	250	0.1987	0
75	251	0.1995	0
80	251	0.1995	0
85	250	0.1987	0
90	250	0.1987	0
95	251	0.1995	0
100	250	0.1987	0
105	250	0.1987	0
110	251	0.1995	0
115	1514	1.2035	0
120	1513	1.2027	0
125	1513	1.2027	0
130	1514	1.2035	0
135	1513	1.2027	0
140	1513	1.2027	0
145	1513	1.2027	0
150	1513	1.2027	0
155	1513	1.2027	0
160	1513	1.2027	0
165	1513	1.2027	0
170	1512	1.2019	0
175	1513	1.2027	0
180	1513	1.2027	0
185	1512	1.2019	0
190	1514	1.2035	0
195	1514	1.2035	0
200	1512	1.2019	0
205	1513	1.2027	0
210	1513	1.2027	0
215	1513	1.2027	0
220	1512	1.2019	0
225	1511	1.2011	0
230	1513	1.2027	0
235	1513	1.2027	0
240	1514	1.2035	0
245	1512	1.2019	0
250	1514	1.2035	0
255	1513	1.2027	0
260	1513	1.2027	0
265	1513	1.2027	0
270	1514	1.2035	0
275	1512	1.2019	0
280	1513	1.2027	0
285	1512	1.2019	0
290	1513	1.2027	0
295	1512	1.2019	0
300	1514	1.2035	0
305	1512	1.2019	0
310	1513	1.2027	0
315	1513	1.2027	0
320	1512	1.2019	0
325	1513	1.2027	0
330	1513	1.2027	0
335	1512	1.2019	0
340	1513	1.2027	0
345	1513	1.2027	0
350	1514	1.2035	0
355	1512	1.2019	0
360	1513	1.2027	0
365	1512	1.2019	0
370	1513	1.2027	0
375	1512	1.2019	0
380	1514	1.2035	0
385	1512	1.2019	0
390	1514	1.2035	0
395	1513	1.2027	0
400	1513	1.2027	0
405	1512	1.2019	0
410	1513	1.2027	0
415	1512	1.2019	0
420	1512	1.2019	0
425	1513	1.2027	0
430	1512	1.2019	0
435	1511	1.2011	0
440	1514	1.2035	0
445	1513	1.2027	0
450	1513	1.2027	0
455	1513	1.2027	0
460	1514	1.2035	0
465	1512	1.2019	0
470	1513	1.2027	0
475	1512	1.2019	0
480	1513	1.2027	0
485	1512	1.2019	0
490	1514	1.2035	0
495	1512	1.2019	0
500	1512	1.2019	0
505	1513	1.2027	0
510	1513	1.2027	0
515	1513	1.2027	0
520	1513	1.2027	0
525	1513	1.2027	0
530	1513	1.2027	0
535	1512	1.2019	0
540	1513	1.2027	0
545	1512	1.2019	0
550	1513	1.2027	0
555	1512	1.2019	0
560	1514	1.2035	0
565	1514	1.2035	0
570	1512	1.2019	0
575	1513	1.2027	0
580	1513	1.2027	0
585	1514	1.2035	0
590	1513	1.2027	0
595	1512	1.2019	0
600	1512	1.2019	0
605	1513	1.2027	0
610	1513	1.2027	0
615	1512	1.2019	0
620	1512	1.2019	0
625	1513	1.2027	0
630	1512	1.2019	0
635	1512	1.2019	0
640	1513	1.2027	0
645	1512	1.2019	0
650	1513	1.2027	0
655	1512	1.2019	0
660	1513	1.2027	0
665	1512	1.2019	0
670	1513	1.2027	0
675	1513	1.2027	0
680	1512	1.2019	0
685	1512	1.2019	0
690	1513	1.2027	0
695	1512	1.2019	0
700	1513	1.2027	0
705	1512	1.2019	0
710	1513	1.2027	0
715	1512	1.2019	0
720	1512	1.2019	0
725	1511	1.2011	0
730	1513	1.2027	0
735	1513	1.2027	0
740	1514	1.2035	0
745	1513	1.2027	0
750	1512	1.2019	0
755	1513	1.2027	0
760	1513	1.2027	0
765	1513	1.2027	0
770	1514	1.2035	0
775	1513	1.2027	0
780	1512	1.2019	0
785	1513	1.2027	0
790	1513	1.2027	0
795	1513	1.2027	0
800	1513	1.2027	0
805	1513	1.2027	0
810	1513	1.2027	0
815	1512	1.2019	0
820	1513	1.2027	0
825	1513	1.2027	0
830	1513	1.2027	0
835	1513	1.2027	0
840	1513	1.2027	0
845	1513	1.2027	0
850	1512	1.2019	0
855	1513	1.2027	0
860	1513	1.2027	0
865	1513	1.2027	0
870	1513	1.2027	0
875	1513	1.2027	0
880	1514	1.2035	0
885	1512	1.2019	0
890	1514	1.2035	0
895	1514	1.2035	0
900	1511	1.2011	0
905	1513	1.2027	0
910	1513	1.2027	0
915	1512	1.2019	0
920	1513	1.2027	0
925	1513	1.2027	0
930	1513	1.2027	0
935	1513	1.2027	0
940	1513	1.2027	0
945	1512	1.2019	0
950	1513	1.2027	0
955	1512	1.2019	0
960	1513	1.2027	0
965	1513	1.2027	0
970	1514	1.2035	0
975	1511	1.2011	0
980	1514	1.2035	0
985	1513	1.2027	0
990	1513	1.2027	0
995	1513	1.2027	0
1000	1514	1.2035	0
1005	1513	1.2027	0
1010	1513	1.2027	0
1015	1513	1.2027	0
1020	1513	1.2027	0
1025	1513	1.2027	0
1030	1513	1.2027	0
1035	1513	1.2027	0
1040	1513	1.2027	0
1045	1514	1.2035	0
1050	1513	1.2027	0
1055	1513	1.2027	0
1060	1513	1.2027	0
1065	1512	1.2019	0
1070	1514	1.2035	0
1075	1512	1.2019	0
1080	1514	1.2035	0
1085	1513	1.2027	0
1090	1514	1.2035	0
1095	1514	1.2035	0
1100	1513	1.2027	0
1105	1511	1.2011	0
1110	1513	1.2027	0
1115	1514	1.2035	0
1120	1513	1.2027	0
1125	1513	1.2027	0
1130	1514	1.2035	0
1135	1514	1.2035	0
1140	1514	1.2035	0
1145	1513	1.2027	0
1150	1513	1.2027	0
1155	1512	1.2019	0
1160	1514	1.2035	0
1165	1512	1.2019	0
1170	1513	1.2027	0
1175	1514	1.2035	0
1180	1514	1.2035	0
1185	1512	1.2019	0
1190	1513	1.2027	0
1195	1513	1.2027	0
1200	1514	1.2035	0
1205	1514	1.2035	0
1210	1513	1.2027	0
1215	1514	1.2035	0
1220	1514	1.2035	0
1225	1512	1.2019	0
1230	1514	1.2035	0
1235	1514	1.2035	0
1240	1513	1.2027	0
1245	1513	1.2027	0
1250	1513	1.2027	0
1255	1513	1.2027	0
1260	1513	1.2027	0
1265	1513	1.2027	0
1270	1514	1.2035	0
1275	1514	1.2035	0
1280	1515	1.2043	0
1285	1514	1.2035	0
1290	1514	1.2035	0
1295	1513	1.2027	0
1300	1513	1.2027	0
1305	1513	1.2027	0
1310	1514	1.2035	0
1315	1512	1.2019	0
1320	1513	1.2027	0
1325	1514	1.2035	0
1330	1513	1.2027	0
1335	1513	1.2027	0
1340	1514	1.2035	0
1345	1513	1.2027	0
1350	1514	1.2035	0
1355	1512	1.2019	0
1360	1512	1.2019	0
1365	1513	1.2027	0
1370	1514	1.2035	0
1375	1513	1.2027	0
1380	1513	1.2027	0
1385	1512	1.2019	0
1390	1514	1.2035	0
1395	1513	1.2027	0
1400	1514	1.2035	0
1405	1514	1.2035	0
1410	1512	1.2019	0
1415	1513	1.2027	0
1420	1513	1.2027	0
1425	1513	1.2027	0
1430	1514	1.2035	0
1435	1512	1.2019	0
1440	1514	1.2035	0
1445	1512	1.2019	0
1450	1513	1.2027	0
1455	1513	1.2027	0
1460	1513	1.2027	0
1465	1513	1.2027	0
1470	1513	1.2027	0
1475	1513	1.2027	0
1480	1513	1.2027	0
1485	1514	1.2035	0
1490	1512	1.2019	0
1495	1514	1.2035	0
1500	1513	1.2027	0
1505	1512	1.2019	0
1510	1514	1.2035	0
1515	1512	1.2019	0
1520	1514	1.2035	0
1525	1513	1.2027	0
1530	1513	1.2027	0
1535	1513	1.2027	0
1540	1513	1.2027	0
1545	1513	1.2027	0
1550	1513	1.2027	0
1555	1512	1.2019	0
1560	1513	1.2027	0
1565	1513	1.2027	0
1570	1513	1.2027	0
1575	1513	1.2027	0
1580	1513	1.2027	0
1585	1515	1.2043	0
1590	1513	1.2027	0
1595	1513	1.2027	0
1600	1514	1.2035	0
1605	1514	1.2035	0
1610	1512	1.2019	0
1615	1513	1.2027	0
1620	1514	1.2035	0
1625	1514	1.2035	0
1630	1514	1.2035	0
1635	1514	1.2035	0
1640	1513	1.2027	0
1645	1513	1.2027	0
1650	1514	1.2035	0
1655	1513	1.2027	0
1660	1513	1.2027	0
1665	1513	1.2027	0
1670	1513	1.2027	0
1675	1513	1.2027	0
1680	1513	1.2027	0
1685	1514	1.2035	0
1690	1514	1.2035	0
1695	1513	1.2027	0
1700	1513	1.2027	0
1705	1513	1.2027	0
1710	1514	1.2035	0
1715	1512	1.2019	0
1720	1513	1.2027	0
1725	1513	1.2027	0
1730	1513	1.2027	0
1735	1514	1.2035	0
1740	1512	1.2019	0
1745	1513	1.2027	0
1750	1513	1.2027	0
1755	1513	1.2027	0
1760	1514	1.2035	0
1765	1513	1.2027	0
1770	1513	1.2027	0
1775	1513	1.2027	0
1780	1512	1.2019	0
1785	1514	1.2035	0
1790	1513	1.2027	0
1795	1513	1.2027	0
1800	1514	1.2035	0
1805	1513	1.2027	0
1810	1512	1.2019	0
1815	1513	1.2027	0
1820	1514	1.2035	0
1825	1513	1.2027	0
1830	1514	1.2035	0
1835	1513	1.2027	0
1840	1513	1.2027	0
1845	1514	1.2035	0
1850	1514	1.2035	0
1855	1513	1.2027	0
1860	1513	1.2027	0
1865	1513	1.2027	0
1870	1514	1.2035	0
1875	1512	1.2019	0
1880	1513	1.2027	0
1885	1513	1.2027	0
1890	1513	1.2027	0
1895	1513	1.2027	0
1900	1513	1.2027	0
1905	1514	1.2035	0
1910	1514	1.2035	0
1915	1513	1.2027	0
1920	1513	1.2027	0
1925	1513	1.2027	0
1930	1514	1.2035	0
1935	1513	1.2027	0
1940	1513	1.2027	0
1945	1512	1.2019	0
1950	1514	1.2035	0
1955	1514	1.2035	0
1960	1513	1.2027	0
1965	1514	1.2035	0
1970	1514	1.2035	0
1975	1513	1.2027	0
1980	1512	1.2019	0
1985	1514	1.2035	0
1990	1514	1.2035	0
1995	1513	1.2027	0
2000	1513	1.2027	0
2005	1513	1.2027	0
2010	1513	1.2027	0
2015	1513	1.2027	0
2020	1514	1.2035	0
2025	1513	1.2027	0
2030	1513	1.2027	0
2035	1514	1.2035	0
2040	1513	1.2027	0
2045	1513	1.2027	0
2050	1513	1.2027	0
2055	1514	1.2035	0
2060	1515	1.2043	0
2065	1513	1.2027	0
2070	1514	1.2035	0
2075	1514	1.2035	0
2080	1514	1.2035	0
2085	1514	1.2035	0
2090	1513	1.2027	0
2095	1513	1.2027	0
2100	1514	1.2035	0
2105	1514	1.2035	0
2110	1513	1.2027	0
2115	1513	1.2027	0
2120	1514	1.2035	0
2125	1513	1.2027	0
2130	1514	1.2035	0
2135	1513	1.2027	0
2140	1513	1.2027	0
2145	1513	1.2027	0
2150	1514	1.2035	0
2155	1513	1.2027	0
2160	1514	1.2035	0
2165	1514	1.2035	0
2170	1513	1.2027	0
2175	1513	1.2027	0
2180	1513	1.2027	0
2185	1514	1.2035	0
2190	1514	1.2035	0
2195	1513	1.2027	0
2200	1513	1.2027	0
2205	1514	1.2035	0
2210	1514	1.2035	0
2215	1514	1.2035	0
2220	1513	1.2027	0
2225	1513	1.2027	0
2230	1514	1.2035	0
2235	1512	1.2019	0
2240	1513	1.2027	0
2245	1513	1.2027	0
2250	1514	1.2035	0
2255	1515	1.2043	0
2260	1514	1.2035	0
2265	1514	1.2035	0
2270	1513	1.2027	0
2275	1514	1.2035	0
2280	1513	1.2027	0
2285	1512	1.2019	0
2290	1513	1.2027	0
2295	1513	1.2027	0
2300	1513	1.2027	0
2305	1514	1.2035	0
2310	1512	1.2019	0
2315	1513	1.2027	0
2320	1514	1.2035	0
2325	1514	1.2035	0
2330	1515	1.2043	0
2335	1513	1.2027	0
2340	1514	1.2035	0
2345	1514	1.2035	0
2350	1514	1.2035	0
2355	1513	1.2027	0
2360	1514	1.2035	0
2365	1513	1.2027	0
2370	1514	1.2035	0
2375	1513	1.2027	0
2380	1513	1.2027	0
2385	1514	1.2035	0
2390	1514	1.2035	0
2395	1513	1.2027	0
2400	1513	1.2027	0
2405	1514	1.2035	0
2410	1513	1.2027	0
2415	1513	1.2027	0
2420	1513	1.2027	0
2425	1514	1.2035	0
2430	1514	1.2035	0
2435	1512	1.2019	0
2440	1514	1.2035	0
2445	1512	1.2019	0
2450	1513	1.2027	0
2455	1514	1.2035	0
2460	1513	1.2027	0
2465	1514	1.2035	0
2470	1513	1.2027	0
2475	1514	1.2035	0
2480	1513	1.2027	0
2485	1513	1.2027	0
2490	1513	1.2027	0
2495	1513	1.2027	0
2500	1512	1.2019	0
2505	1513	1.2027	0
2510	1514	1.2035	0
2515	1513	1.2027	0
2520	1513	1.2027	0
2525	1513	1.2027	0
2530	1514	1.2035	0
2535	1513	1.2027	0
2540	1514	1.2035	0
2545	1513	1.2027	0
2550	1514	1.2035	0
2555	1514	1.2035	0
2560	1514	1.2035	0
2565	1513	1.2027	0
2570	1514	1.2035	0
2575	1512	1.2019	0
2580	1514	1.2035	0
2585	1512	1.2019	0
2590	1514	1.2035	0
2595	1513	1.2027	0
2600	1513	1.2027	0
2605	1514	1.2035	0
2610	1515	1.2043	0
2615	1514	1.2035	0
2620	1513	1.2027	0
2625	1514	1.2035	0
2630	1513	1.2027	0
2635	1512	1.2019	0
2640	1513	1.2027	0
2645	1513	1.2027	0
2650	1513	1.2027	0
2655	1514	1.2035	0
2660	1514	1.2035	0
2665	1514	1.2035	0
2670	1514	1.2035	0
2675	1513	1.2027	0
2680	1513	1.2027	0
2685	1512	1.2019	0
2690	1514	1.2035	0
2695	1513	1.2027	0
2700	1513	1.2027	0
2705	1514	1.2035	0
2710	1513	1.2027	0
2715	1514	1.2035	0
2720	1514	1.2035	0
2725	1514	1.2035	0
2730	1514	1.2035	0
2735	1514	1.2035	0
2740	1513	1.2027	0
2745	1514	1.2035	0
2750	1514	1.2035	0
2755	1514	1.2035	0
2760	1513	1.2027	0
2765	1514	1.2035	0
2770	1513	1.2027	0
2775	1514	1.2035	0
2780	1513	1.2027	0
2785	1513	1.2027	0
2790	1514	1.2035	0
2795	1514	1.2035	0
2800	1514	1.2035	0
2805	1513	1.2027	0
2810	1513	1.2027	0
2815	1513	1.2027	0
2820	1513	1.2027	0
2825	1514	1.2035	0
2830	1514	1.2035	0
2835	1515	1.2043	0
2840	1514	1.2035	0
2845	1514	1.2035	0
2850	1513	1.2027	0
2855	1512	1.2019	0
2860	1512	1.2019	0
2865	1514	1.2035	0
2870	1513	1.2027	0
2875	1513	1.2027	0
2880	1513	1.2027	0
2885	1514	1.2035	0
2890	1512	1.2019	0
2895	1514	1.2035	0
2900	1514	1.2035	0
2905	1514	1.2035	0
2910	1514	1.2035	0
2915	1514	1.2035	0
2920	1514	1.2035	0
2925	1513	1.2027	0
2930	1514	1.2035	0
2935	1512	1.2019	0
2940	1514	1.2035	0
2945	1514	1.2035	0
2950	1514	1.2035	0
2955	1513	1.2027	0
2960	1513	1.2027	0
2965	1513	1.2027	0
2970	1513	1.2027	0
2975	1513	1.2027	0
2980	1514	1.2035	0
2985	1514	1.2035	0
2990	1514	1.2035	0
2995	1513	1.2027	0
3000	1514	1.2035	0
3005	1514	1.2035	0
3010	1513	1.2027	0
3015	1513	1.2027	0
3020	1514	1.2035	0
3025	1515	1.2043	0
3030	1514	1.2035	0
3035	1513	1.2027	0
3040	1514	1.2035	0
3045	1512	1.2019	0
3050	1514	1.2035	0
3055	1513	1.2027	0
3060	1514	1.2035	0
3065	1513	1.2027	0
3070	1514	1.2035	0
3075	1514	1.2035	0
3080	1513	1.2027	0
3085	1512	1.2019	0
3090	1514	1.2035	0
3095	1513	1.2027	0
3100	1514	1.2035	0
3105	1514	1.2035	0
3110	1513	1.2027	0
3115	1514	1.2035	0
3120	1513	1.2027	0
3125	1514	1.2035	0
3130	1514	1.2035	0
3135	1513	1.2027	0
3140	1514	1.2035	0
3145	1514	1.2035	0
3150	1515	1.2043	0
3155	1513	1.2027	0
3160	1513	1.2027	0
3165	1513	1.2027	0
3170	1515	1.2043	0
3175	1513	1.2027	0
3180	1514	1.2035	0
3185	1513	1.2027	0
3190	1514	1.2035	0
3195	1513	1.2027	0
3200	1514	1.2035	0
3205	1512	1.2019	0
3210	1514	1.2035	0
3215	1514	1.2035	0
3220	1513	1.2027	0
3225	1514	1.2035	0
3230	1513	1.2027	0
3235	1512	1.2019	0
3240	1513	1.2027	0
3245	1512	1.2019	0
3250	1514	1.2035	0
3255	1514	1.2035	0
3260	1515	1.2043	0
3265	1514	1.2035	0
3270	1513	1.2027	0
3275	1513	1.2027	0
3280	1513	1.2027	0
3285	1513	1.2027	0
3290	1514	1.2035	0
3295	1514	1.2035	0
3300	1514	1.2035	0
3305	1513	1.2027	0
3310	1514	1.2035	0
3315	1514	1.2035	0
3320	1513	1.2027	0
3325	1513	1.2027	0
3330	1512	1.2019	0
3335	1513	1.2027	0
3340	1513	1.2027	0
3345	1513	1.2027	0
3350	1515	1.2043	0
3355	1513	1.2027	0
3360	1513	1.2027	0
3365	1512	1.2019	0
3370	1514	1.2035	0
3375	1513	1.2027	0
3380	1514	1.2035	0
3385	1513	1.2027	0
3390	1514	1.2035	0
3395	1513	1.2027	0
3400	1513	1.2027	0
3405	1514	1.2035	0
3410	1513	1.2027	0
3415	1513	1.2027	0
3420	1513	1.2027	0
3425	1514	1.2035	0
3430	1513	1.2027	0
3435	1513	1.2027	0
3440	1513	1.2027	0
3445	1512	1.2019	0
3450	1514	1.2035	0
3455	1514	1.2035	0
3460	1514	1.2035	0
3465	1514	1.2035	0
3470	1514	1.2035	0
3475	1514	1.2035	0
3480	1513	1.2027	0
3485	1514	1.2035	0
3490	1514	1.2035	0
3495	1513	1.2027	0
3500	1514	1.2035	0
3505	1512	1.2019	0
3510	1514	1.2035	0
3515	1515	1.2043	0
3520	1514	1.2035	0
3525	1514	1.2035	0
3530	1514	1.2035	0
3535	1513	1.2027	0
3540	1513	1.2027	0
3545	1512	1.2019	0
3550	1514	1.2035	0
3555	1513	1.2027	0
3560	1513	1.2027	0
3565	1513	1.2027	0
3570	1513	1.2027	0
3575	1513	1.2027	0
3580	1514	1.2035	0
3585	1513	1.2027	0
3590	1514	1.2035	0
3595	1514	1.2035	0
3600	1514	1.2035	0
3605	1513	1.2027	0
3610	1514	1.2035	0
3615	1512	1.2019	0
3620	1513	1.2027	0
3625	1513	1.2027	0
3630	1514	1.2035	0
3635	1514	1.2035	0
3640	1514	1.2035	0
3645	1513	1.2027	0
3650	1513	1.2027	0
3655	1513	1.2027	0
3660	1513	1.2027	0
3665	1513	1.2027	0
3670	1514	1.2035	0
3675	1512	1.2019	0
3680	1513	1.2027	0
3685	1512	1.2019	0
3690	1513	1.2027	0
3695	1512	1.2019	0
3700	1514	1.2035	0
3705	1513	1.2027	0
3710	1513	1.2027	0
3715	1514	1.2035	0
3720	1513	1.2027	0
3725	1513	1.2027	0
3730	1514	1.2035	0
3735	1513	1.2027	0
3740	1514	1.2035	0
3745	1513	1.2027	0
3750	1513	1.2027	0
3755	1514	1.2035	0
3760	1513	1.2027	0
3765	1514	1.2035	0
3770	1514	1.2035	0
3775	1514	1.2035	0
3780	1514	1.2035	0
3785	1512	1.2019	0
3790	1514	1.2035	0
3795	1513	1.2027	0
3800	1513	1.2027	0
3805	1513	1.2027	0
3810	1515	1.2043	0
3815	1512	1.2019	0
3820	1513	1.2027	0
3825	1514	1.2035	0
3830	1514	1.2035	0
3835	1513	1.2027	0
3840	1513	1.2027	0
3845	1513	1.2027	0
3850	1513	1.2027	0
3855	1512	1.2019	0
3860	1513	1.2027	0
3865	1513	1.2027	0
3870	1514	1.2035	0
3875	1513	1.2027	0
3880	1514	1.2035	0
3885	1513	1.2027	0
3890	1514	1.2035	0
3895	1513	1.2027	0
3900	1513	1.2027	0
3905	1513	1.2027	0
3910	1513	1.2027	0
3915	1513	1.2027	0
3920	1514	1.2035	0
3925	1512	1.2019	0
3930	1513	1.2027	0
3935	1514	1.2035	0
3940	1513	1.2027	0
3945	1512	1.2019	0
3950	1514	1.2035	0
3955	1513	1.2027	0
3960	1514	1.2035	0
3965	1513	1.2027	0
3970	1514	1.2035	0
3975	1514	1.2035	0
3980	1513	1.2027	0
3985	1513	1.2027	0
3990	1513	1.2027	0
3995	1514	1.2035	0
4000	1513	1.2027	0
4005	1513	1.2027	0
4010	1514	1.2035	0
4015	1513	1.2027	0
4020	1513	1.2027	0
4025	1512	1.2019	0
4030	1513	1.2027	0
4035	1513	1.2027	0
4040	1514	1.2035	0
4045	1512	1.2019	0
4050	1513	1.2027	0
4055	1513	1.2027	0
4060	1514	1.2035	0
4065	1513	1.2027	0
4070	1513	1.2027	0
4075	1513	1.2027	0
4080	1513	1.2027	0
4085	1513	1.2027	0
4090	1513	1.2027	0
4095	1514	1.2035	0
4100	1513	1.2027	0
4105	1514	1.2035	0
4110	1513	1.2027	0
4115	1513	1.2027	0
4120	1514	1.2035	0
4125	1515	1.2043	0
4130	1514	1.2035	0
4135	1513	1.2027	0
4140	1512	1.2019	0
4145	1514	1.2035	0
4150	1514	1.2035	0
4155	1513	1.2027	0
4160	1515	1.2043	0
4165	1513	1.2027	0
4170	1513	1.2027	0
4175	1513	1.2027	0
4180	1513	1.2027	0
4185	1514	1.2035	0
4190	1512	1.2019	0
4195	1513	1.2027	0
4200	1513	1.2027	0
4205	1513	1.2027	0
4210	1513	1.2027	0
4215	1513	1.2027	0
4220	1514	1.2035	0
4225	1513	1.2027	0
4230	1514	1.2035	0
4235	1512	1.2019	0
4240	1514	1.2035	0
4245	1514	1.2035	0
4250	1513	1.2027	0
4255	1513	1.2027	0
4260	1512	1.2019	0
4265	1513	1.2027	0
4270	1512	1.2019	0
4275	1514	1.2035	0
4280	1513	1.2027	0
4285	1513	1.2027	0
4290	1514	1.2035	0
4295	1513	1.2027	0
4300	1514	1.2035	0
4305	1514	1.2035	0
4310	1513	1.2027	0
4315	1513	1.2027	0
4320	1512	1.2019	0
4325	1515	1.2043	0
4330	1513	1.2027	0
4335	1513	1.2027	0
4340	1513	1.2027	0
4345	1513	1.2027	0
4350	1513	1.2027	0
4355	1513	1.2027	0
4360	1512	1.2019	0
4365	1513	1.2027	0
4370	1513	1.2027	0
4375	1512	1.2019	0
4380	1513	1.2027	0
4385	1513	1.2027	0
4390	1514	1.2035	0
4395	1513	1.2027	0
4400	1515	1.2043	0
4405	1513	1.2027	0
4410	1515	1.2043	0
4415	1513	1.2027	0
4420	1512	1.2019	0
4425	1514	1.2035	0
4430	1514	1.2035	0
4435	1514	1.2035	0
4440	1513	1.2027	0
4445	1513	1.2027	0
4450	1514	1.2035	0
4455	1512	1.2019	0
4460	1513	1.2027	0
4465	1513	1.2027	0
4470	1514	1.2035	0
4475	1513	1.2027	0
4480	1512	1.2019	0
4485	1513	1.2027	0
4490	1514	1.2035	0
4495	1512	1.2019	0
4500	1513	1.2027	0
4505	1512	1.2019	0
4510	1514	1.2035	0
4515	1513	1.2027	0
4520	1514	1.2035	0
4525	1513	1.2027	0
4530	1511	1.2011	0
4535	1513	1.2027	0
4540	1513	1.2027	0
4545	1514	1.2035	0
4550	1513	1.2027	0
4555	1514	1.2035	0
4560	1514	1.2035	0
4565	1512	1.2019	0
4570	1513	1.2027	0
4575	1513	1.2027	0
4580	1514	1.2035	0
4585	1513	1.2027	0
4590	1514	1.2035	0
4595	1513	1.2027	0
4600	1514	1.2035	0
4605	1515	1.2043	0
4610	1514	1.2035	0
4615	1513	1.2027	0
4620	1514	1.2035	0
4625	1513	1.2027	0
4630	1514	1.2035	0
4635	1512	1.2019	0
4640	1513	1.2027	0
4645	1513	1.2027	0
4650	1514	1.2035	0
4655	1513	1.2027	0
4660	1512	1.2019	0
4665	1513	1.2027	0
4670	1513	1.2027	0
4675	1513	1.2027	0
4680	1513	1.2027	0
4685	1514	1.2035	0
4690	1513	1.2027	0
4695	1513	1.2027	0
4700	1514	1.2035	0
4705	1513	1.2027	0
4710	1514	1.2035	0
4715	1512	1.2019	0
4720	1513	1.2027	0
4725	1513	1.2027	0
4730	1513	1.2027	0
4735	1513	1.2027	0
4740	1513	1.2027	0
4745	1513	1.2027	0
4750	1514	1.2035	0
4755	1513	1.2027	0
4760	1513	1.2027	0
4765	1513	1.2027	0
4770	1513	1.2027	0
4775	1513	1.2027	0
4780	1513	1.2027	0
4785	1512	1.2019	0
4790	1513	1.2027	0
4795	1512	1.2019	0
4800	1514	1.2035	0
4805	1514	1.2035	0
4810	1513	1.2027	0
4815	1513	1.2027	0
4820	1513	1.2027	0
4825	1513	1.2027	0
4830	1514	1.2035	0
4835	1513	1.2027	0
4840	1514	1.2035	0
4845	1513	1.2027	0
4850	1512	1.2019	0
4855	1512	1.2019	0
4860	1514	1.2035	0
4865	1513	1.2027	0
4870	1514	1.2035	0
4875	1514	1.2035	0
4880	1514	1.2035	0
4885	1514	1.2035	0
4890	1513	1.2027	0
4895	1513	1.2027	0
4900	1513	1.2027	0
4905	1512	1.2019	0
4910	1514	1.2035	0
4915	1513	1.2027	0
4920	1513	1.2027	0
4925	1513	1.2027	0
4930	1514	1.2035	0
4935	1513	1.2027	0
4940	1513	1.2027	0
4945	1513	1.2027	0
4950	1513	1.2027	0
4955	1513	1.2027	0
4960	1514	1.2035	0
4965	1513	1.2027	0
4970	1513	1.2027	0
4975	1512	1.2019	0
4980	1512	1.2019	0
4985	1513	1.2027	0
4990	1512	1.2019	0
4995	1513	1.2027	0
5000	1513	1.2027	0
5005	1513	1.2027	0
5010	1513	1.2027	0
5015	1512	1.2019	0
5020	1514	1.2035	0
5025	1512	1.2019	0
5030	1513	1.2027	0
5035	1513	1.2027	0
5040	1513	1.2027	0
5045	1512	1.2019	0
5050	1514	1.2035	0
5055	1514	1.2035	0
5060	1514	1.2035	0
5065	1512	1.2019	0
5070	1513	1.2027	0
5075	1512	1.2019	0
5080	1513	1.2027	0
5085	1512	1.2019	0
5090	1513	1.2027	0
5095	1514	1.2035	0
5100	1513	1.2027	0
5105	1512	1.2019	0
5110	1514	1.2035	0
5115	1514	1.2035	0
5120	1514	1.2035	0
5125	1513	1.2027	0
5130	1513	1.2027	0
5135	1513	1.2027	0
5140	1514	1.2035	0
5145	1511	1.2011	0
5150	1514	1.2035	0
5155	1513	1.2027	0
5160	1513	1.2027	0
5165	1513	1.2027	0
5170	1513	1.2027	0
5175	1513	1.2027	0
5180	1513	1.2027	0
5185	1514	1.2035	0
5190	1513	1.2027	0
5195	1514	1.2035	0
5200	1513	1.2027	0
5205	1513	1.2027	0
5210	1514	1.2035	0
5215	1514	1.2035	0
5220	1513	1.2027	0
5225	1514	1.2035	0
5230	1513	1.2027	0
5235	1512	1.2019	0
5240	1512	1.2019	0
5245	1512	1.2019	0
5250	1513	1.2027	0
5255	1513	1.2027	0
5260	1513	1.2027	0
5265	1513	1.2027	0
5270	1513	1.2027	0
5275	1513	1.2027	0
5280	1514	1.2035	0
5285	1511	1.2011	0
5290	1513	1.2027	0
5295	1514	1.2035	0
5300	1513	1.2027	0
5305	1512	1.2019	0
5310	1513	1.2027	0
5315	1513	1.2027	0
5320	1512	1.2019	0
5325	1512	1.2019	0
5330	1514	1.2035	0
5335	1513	1.2027	0
5340	1513	1.2027	0
5345	1512	1.2019	0
5350	1514	1.2035	0
5355	1514	1.2035	0
5360	1513	1.2027	0
5365	1512	1.2019	0
5370	1513	1.2027	0
5375	1514	1.2035	0
5380	1513	1.2027	0
5385	1513	1.2027	0
5390	1511	1.2011	0
5395	1512	1.2019	0
5400	1513	1.2027	0
5405	1513	1.2027	0
5410	1513	1.2027	0
5415	1513	1.2027	0
5420	1512	1.2019	0
5425	1512	1.2019	0
5430	1514	1.2035	0
5435	1512	1.2019	0
5440	1513	1.2027	0
5445	1512	1.2019	0
5450	1513	1.2027	0
5455	1513	1.2027	0
5460	1513	1.2027	0
5465	1513	1.2027	0
5470	1512	1.2019	0
5475	1512	1.2019	0
5480	1513	1.2027	0
5485	1513	1.2027	0
5490	1512	1.2019	0
5495	1513	1.2027	0
5500	1513	1.2027	0
5505	1513	1.2027	0
5510	1513	1.2027	0
5515	1514	1.2035	0
5520	1512	1.2019	0
5525	1513	1.2027	0
5530	1513	1.2027	0
5535	1512	1.2019	0
5540	1513	1.2027	0
5545	1512	1.2019	0
5550	1513	1.2027	0
5555	1513	1.2027	0
5560	1514	1.2035	0
5565	1513	1.2027	0
5570	1514	1.2035	0
5575	1513	1.2027	0
5580	1512	1.2019	0
5585	1512	1.2019	0
5590	1513	1.2027	0
5595	1513	1.2027	0
5600	1512	1.2019	0
5605	1513	1.2027	0
5610	1512	1.2019	0
5615	1512	1.2019	0
5620	1513	1.2027	0
5625	1512	1.2019	0
5630	1513	1.2027	0
5635	1513	1.2027	0
5640	1513	1.2027	0
5645	1513	1.2027	0
5650	1514	1.2035	0
5655	1512	1.2019	0
5660	1513	1.2027	0
5665	1512	1.2019	0
5670	1513	1.2027	0
5675	1514	1.2035	0
5680	1513	1.2027	0
5685	1513	1.2027	0
5690	1513	1.2027	0
5695	1512	1.2019	0
5700	1513	1.2027	0
5705	1513	1.2027	0
5710	1512	1.2019	0
5715	1512	1.2019	0
5720	1511	1.2011	0
5725	1512	1.2019	0
5730	1512	1.2019	0
5735	1512	1.2019	0
5740	1512	1.2019	0
5745	1513	1.2027	0
5750	1513	1.2027	0
5755	1513	1.2027	0
5760	1513	1.2027	0
5765	1513	1.2027	0
5770	1512	1.2019	0
5775	1512	1.2019	0
5780	1513	1.2027	0
5785	1511	1.2011	0
5790	1512	1.2019	0
5795	1514	1.2035	0
5800	1512	1.2019	0
5805	1513	1.2027	0
5810	1513	1.2027	0
5815	1513	1.2027	0
5820	1513	1.2027	0
5825	1513	1.2027	0
5830	1512	1.2019	0
5835	1513	1.2027	0
5840	1513	1.2027	0
5845	1512	1.2019	0
5850	1514	1.2035	0
5855	1513	1.2027	0
5860	1512	1.2019	0
5865	1512	1.2019	0
5870	1511	1.2011	0
5875	1512	1.2019	0
5880	1512	1.2019	0
5885	1513	1.2027	0
5890	1512	1.2019	0
5895	1513	1.2027	0
5900	1512	1.2019	0
5905	1511	1.2011	0
5910	1513	1.2027	0
5915	1512	1.2019	0
5920	1513	1.2027	0
5925	1513	1.2027	0
5930	1512	1.2019	0
5935	1513	1.2027	0
5940	1512	1.2019	0
5945	1512	1.2019	0
5950	1513	1.2027	0
5955	1513	1.2027	0
5960	1513	1.2027	0
5965	1513	1.2027	0
5970	1513	1.2027	0
5975	1512	1.2019	0
5980	1512	1.2019	0
5985	1512	1.2019	0
5990	1513	1.2027	0
5995	1511	1.2011	0
6000	1512	1.2019	0
6005	1511	1.2011	0
6010	1511	1.2011	0
6015	1512	1.2019	0
6020	1513	1.2027	0
6025	1512	1.2019	0
6030	1513	1.2027	0
6035	1513	1.2027	0
6040	1512	1.2019	0
6045	1512	1.2019	0
6050	1511	1.2011	0
6055	1511	1.2011	0
6060	1513	1.2027	0
6065	1512	1.2019	0
6070	1512	1.2019	0
6075	1512	1.2019	0
6080	1512	1.2019	0
6085	1512	1.2019	0
6090	1513	1.2027	0
6095	1512	1.2019	0
6100	1512	1.2019	0
6105	1513	1.2027	0
6110	1513	1.2027	0
6115	1512	1.2019	0
6120	1512	1.2019	0
6125	1511	1.2011	0
6130	1511	1.2011	0
6135	1512	1.2019	0
6140	1512	1.2019	0
6145	1511	1.2011	0
6150	1512	1.2019	0
6155	1512	1.2019	0
6160	1513	1.2027	0
6165	1511	1.2011	0
6170	1514	1.2035	0
6175	1512	1.2019	0
6180	1512	1.2019	0
6185	1512	1.2019	0
6190	1512	1.2019	0
6195	1513	1.2027	0
6200	1513	1.2027	0
6205	1512	1.2019	0
6210	1514	1.2035	0
6215	1512	1.2019	0
6220	1513	1.2027	0
6225	1512	1.2019	0
6230	1513	1.2027	0
6235	1512	1.2019	0
6240	1513	1.2027	0
6245	1512	1.2019	0
6250	1511	1.2011	0
6255	1512	1.2019	0
6260	1513	1.2027	0
6265	1511	1.2011	0
6270	1513	1.2027	0
6275	1512	1.2019	0
6280	1511	1.2011	0
6285	1512	1.2019	0
6290	1513	1.2027	0
6295	1513	1.2027	0
6300	1512	1.2019	0
6305	1511	1.2011	0
6310	1512	1.2019	0
6315	1512	1.2019	0
6320	1513	1.2027	0
6325	1513	1.2027	0
6330	1512	1.2019	0
6335	1512	1.2019	0
6340	1512	1.2019	0
6345	1513	1.2027	0
6350	1513	1.2027	0
6355	1513	1.2027	0
6360	1513	1.2027	0
6365	1513	1.2027	0
6370	1511	1.2011	0
6375	1513	1.2027	0
6380	1513	1.2027	0
6385	1513	1.2027	0
6390	1512	1.2019	0
6395	1512	1.2019	0
6400	1513	1.2027	0
6405	1512	1.2019	0
6410	1512	1.2019	0
6415	1512	1.2019	0
6420	1514	1.2035	0
6425	1512	1.2019	0
6430	1512	1.2019	0
6435	1513	1.2027	0
6440	1513	1.2027	0
6445	1513	1.2027	0
6450	1513	1.2027	0
6455	1512	1.2019	0
6460	1512	1.2019	0
6465	1513	1.2027	0
6470	1513	1.2027	0
6475	1511	1.2011	0
6480	1512	1.2019	0
6485	1512	1.2019	0
6490	1512	1.2019	0
6495	1512	1.2019	0
6500	1512	1.2019	0
6505	1511	1.2011	0
6510	1512	1.2019	0
6515	1512	1.2019	0
6520	1511	1.2011	0
6525	1512	1.2019	0
6530	1512	1.2019	0
6535	1513	1.2027	0
6540	1513	1.2027	0
6545	1512	1.2019	0
6550	1513	1.2027	0
6555	1511	1.2011	0
6560	1511	1.2011	0
6565	1512	1.2019	0
6570	1512	1.2019	0
6575	1511	1.2011	0
6580	1513	1.2027	0
6585	1511	1.2011	0
6590	1512	1.2019	0
6595	1512	1.2019	0
6600	1513	1.2027	0
6605	1511	1.2011	0
6610	1512	1.2019	0
6615	1512	1.2019	0
6620	1513	1.2027	0
6625	1512	1.2019	0
6630	1511	1.2011	0
6635	1513	1.2027	0
6640	1513	1.2027	0
6645	1512	1.2019	0
6650	1512	1.2019	0
6655	1511	1.2011	0
6660	1510	1.2003	0
6665	1511	1.2011	0
6670	1512	1.2019	0
6675	1510	1.2003	0
6680	1512	1.2019	0
6685	1513	1.2027	0
6690	1511	1.2011	0
6695	1511	1.2011	0
6700	1512	1.2019	0
6705	1511	1.2011	0
6710	1511	1.2011	0
6715	1513	1.2027	0
6720	1512	1.2019	0
6725	1512	1.2019	0
6730	1512	1.2019	0
6735	1512	1.2019	0
6740	1511	1.2011	0
6745	1511	1.2011	0
6750	1513	1.2027	0
6755	1512	1.2019	0
6760	1511	1.2011	0
6765	1512	1.2019	0
6770	1512	1.2019	0
6775	1512	1.2019	0
6780	1512	1.2019	0
6785	1511	1.2011	0
6790	1514	1.2035	0
6795	1511	1.2011	0
6800	1512	1.2019	0
6805	1512	1.2019	0
6810	1511	1.2011	0
6815	1510	1.2003	0
6820	1512	1.2019	0
6825	1511	1.2011	0
6830	1512	1.2019	0
6835	1511	1.2011	0
6840	1511	1.2011	0
6845	1512	1.2019	0
6850	1512	1.2019	0
6855	1511	1.2011	0
6860	1512	1.2019	0
6865	1511	1.2011	0
6870	1511	1.2011	0
6875	1511	1.2011	0
6880	1512	1.2019	0
6885	1511	1.2011	0
6890	1512	1.2019	0
6895	1512	1.2019	0
6900	1511	1.2011	0
6905	1512	1.2019	0
6910	1512	1.2019	0
6915	1512	1.2019	0
6920	1512	1.2019	0
6925	1512	1.2019	0
6930	1511	1.2011	0
6935	1512	1.2019	0
6940	1511	1.2011	0
6945	1512	1.2019	0
6950	1513	1.2027	0
6955	1512	1.2019	0
6960	1511	1.2011	0
6965	1513	1.2027	0
6970	1512	1.2019	0
6975	1512	1.2019	0
6980	1511	1.2011	0
6985	1512	1.2019	0
6990	1512	1.2019	0
6995	1511	1.2011	0
7000	1512	1.2019	0
7005	1512	1.2019	0
7010	1511	1.2011	0
7015	1511	1.2011	0
7020	1512	1.2019	0
7025	1512	1.2019	0
7030	1511	1.2011	0
7035	1511	1.2011	0
7040	1511	1.2011	0
7045	1512	1.2019	0
7050	1511	1.2011	0
7055	1512	1.2019	0
7060	1513	1.2027	0
7065	1511	1.2011	0
7070	1513	1.2027	0
7075	1511	1.2011	0
7080	1511	1.2011	0
7085	1512	1.2019	0
7090	1512	1.2019	0
7095	1512	1.2019	0
7100	1511	1.2011	0
7105	1510	1.2003	0
7110	1510	1.2003	0
7115	1511	1.2011	0
7120	1513	1.2027	0
7125	1511	1.2011	0
7130	1513	1.2027	0
7135	1512	1.2019	0
7140	1511	1.2011	0
7145	1511	1.2011	0
7150	1512	1.2019	0
7155	1511	1.2011	0
7160	1512	1.2019	0
7165	1511	1.2011	0
7170	1512	1.2019	0
7175	1512	1.2019	0
7180	1511	1.2011	0
7185	1511	1.2011	0
7190	1513	1.2027	0
7195	1512	1.2019	0
7200	1512	1.2019	0
7205	1511	1.2011	0
7210	1511	1.2011	0
7215	1511	1.2011	0
7220	1512	1.2019	0
7225	1512	1.2019	0
7230	1512	1.2019	0
7235	1512	1.2019	0
7240	1511	1.2011	0
7245	1512	1.2019	0
7250	1511	1.2011	0
7255	1512	1.2019	0
7260	1512	1.2019	0
7265	1511	1.2011	0
7270	1512	1.2019	0
7275	1512	1.2019	0
7280	1512	1.2019	0
7285	1511	1.2011	0
7290	1511	1.2011	0
7295	1512	1.2019	0
7300	1511	1.2011	0
7305	1512	1.2019	0
7310	1512	1.2019	0
7315	1512	1.2019	0
7320	1511	1.2011	0
7325	1511	1.2011	0
7330	1512	1.2019	0
7335	1510	1.2003	0
7340	1511	1.2011	0
7345	1511	1.2011	0
7350	1512	1.2019	0
7355	1510	1.2003	0
7360	1512	1.2019	0
7365	1510	1.2003	0
7370	1512	1.2019	0
7375	1511	1.2011	0
7380	1512	1.2019	0
7385	1512	1.2019	0
7390	1512	1.2019	0
7395	1512	1.2019	0
7400	1513	1.2027	0
7405	1511	1.2011	0
7410	1512	1.2019	0
7415	1511	1.2011	0
7420	1511	1.2011	0
7425	1511	1.2011	0
7430	1510	1.2003	0
7435	1510	1.2003	0
7440	1512	1.2019	0
7445	1511	1.2011	0
7450	1511	1.2011	0
7455	1511	1.2011	0
7460	1512	1.2019	0
7465	1512	1.2019	0
7470	1511	1.2011	0
7475	1511	1.2011	0
7480	1512	1.2019	0
7485	1511	1.2011	0
7490	1511	1.2011	0
7495	1511	1.2011	0
7500	1512	1.2019	0
7505	1512	1.2019	0
7510	1513	1.2027	0
7515	1511	1.2011	0
7520	1512	1.2019	0
7525	1511	1.2011	0
7530	1511	1.2011	0
7535	1512	1.2019	0
7540	1512	1.2019	0
7545	1511	1.2011	0
7550	1512	1.2019	0
7555	1511	1.2011	0
7560	1512	1.2019	0
7565	1511	1.2011	0
7570	1511	1.2011	0
7575	1512	1.2019	0
7580	1511	1.2011	0
7585	1511	1.2011	0
7590	1512	1.2019	0
7595	1512	1.2019	0
7600	1511	1.2011	0
7605	1512	1.2019	0
7610	1511	1.2011	0
7615	1510	1.2003	0
7620	1511	1.2011	0
7625	1512	1.2019	0
7630	1512	1.2019	0
7635	1512	1.2019	0
7640	1512	1.2019	0
7645	1510	1.2003	0
7650	1511	1.2011	0
7655	1511	1.2011	0
7660	1511	1.2011	0
7665	1511	1.2011	0
7670	1512	1.2019	0
7675	1510	1.2003	0
7680	1512	1.2019	0
7685	1513	1.2027	0
7690	1511	1.2011	0
7695	1511	1.2011	0
7700	1510	1.2003	0
7705	1512	1.2019	0
7710	1512	1.2019	0
7715	1512	1.2019	0
7720	1512	1.2019	0
7725	1512	1.2019	0
7730	1511	1.2011	0
7735	1511	1.2011	0
7740	1511	1.2011	0
7745	1512	1.2019	0
7750	1512	1.2019	0
7755	1512	1.2019	0
7760	1511	1.2011	0
7765	1512	1.2019	0
7770	1513	1.2027	0
7775	1511	1.2011	0
7780	1512	1.2019	0
7785	1512	1.2019	0
7790	1512	1.2019	0
7795	1511	1.2011	0
7800	1511	1.2011	0
7805	1511	1.2011	0
7810	1512	1.2019	0
7815	1513	1.2027	0
7820	1512	1.2019	0
7825	1511	1.2011	0
7830	1511	1.2011	0
7835	1512	1.2019	0
7840	1512	1.2019	0
7845	1511	1.2011	0
7850	1512	1.2019	0
7855	1512	1.2019	0
7860	1512	1.2019	0
7865	1512	1.2019	0
7870	1511	1.2011	0
7875	1511	1.2011	0
7880	1512	1.2019	0
7885	1511	1.2011	0
7890	1511	1.2011	0
7895	1511	1.2011	0
7900	1511	1.2011	0
7905	1511	1.2011	0
7910	1511	1.2011	0
7915	1511	1.2011	0
7920	1512	1.2019	0
7925	1510	1.2003	0
7930	1511	1.2011	0
7935	1511	1.2011	0
7940	1511	1.2011	0
7945	1511	1.2011	0
7950	1511	1.2011	0
7955	1511	1.2011	0
7960	1511	1.2011	0
7965	1511	1.2011	0
7970	1511	1.2011	0
7975	1512	1.2019	0
7980	1511	1.2011	0
7985	1512	1.2019	0
7990	1512	1.2019	0
7995	1511	1.2011	0
8000	1511	1.2011	0
8005	1511	1.2011	0
8010	1512	1.2019	0
8015	1511	1.2011	0
8020	1512	1.2019	0
8025	1512	1.2019	0
8030	1511	1.2011	0
8035	1511	1.2011	0
8040	1511	1.2011	0
8045	1512	1.2019	0
8050	1512	1.2019	0
8055	1511	1.2011	0
8060	1512	1.2019	0
8065	1511	1.2011	0
8070	1511	1.2011	0
8075	1512	1.2019	0
8080	1511	1.2011	0
8085	1512	1.2019	0
8090	1511	1.2011	0
8095	1512	1.2019	0
8100	1512	1.2019	0
8105	1512	1.2019	0
8110	1512	1.2019	0
8115	1510	1.2003	0
8120	1512	1.2019	0
8125	1510	1.2003	0
8130	1511	1.2011	0
8135	1511	1.2011	0
8140	1512	1.2019	0
8145	1511	1.2011	0
8150	1513	1.2027	0
8155	1511	1.2011	0
8160	1511	1.2011	0
8165	1513	1.2027	0
8170	1512	1.2019	0
8175	1511	1.2011	0
8180	1512	1.2019	0
8185	1511	1.2011	0
8190	1511	1.2011	0
8195	1512	1.2019	0
8200	1512	1.2019	0
8205	1512	1.2019	0
8210	1511	1.2011	0
8215	1512	1.2019	0
8220	1511	1.2011	0
8225	1512	1.2019	0
8230	1512	1.2019	0
8235	1512	1.2019	0
8240	1511	1.2011	0
8245	1511	1.2011	0
8250	1510	1.2003	0
8255	1512	1.2019	0
8260	1510	1.2003	0
8265	1511	1.2011	0
8270	1512	1.2019	0
8275	1511	1.2011	0
8280	1512	1.2019	0
8285	1511	1.2011	0
8290	1511	1.2011	0
8295	1511	1.2011	0
8300	1511	1.2011	0
8305	1511	1.2011	0
8310	1512	1.2019	0
8315	1510	1.2003	0
8320	1512	1.2019	0
8325	1511	1.2011	0
8330	1511	1.2011	0
8335	1511	1.2011	0
8340	1511	1.2011	0
8345	1511	1.2011	0
8350	1510	1.2003	0
8355	1510	1.2003	0
8360	1511	1.2011	0
8365	1511	1.2011	0
8370	1511	1.2011	0
8375	1512	1.2019	0
8380	1512	1.2019	0
8385	1511	1.2011	0
8390	1511	1.2011	0
8395	1511	1.2011	0
8400	1512	1.2019	0
8405	1510	1.2003	0
8410	1511	1.2011	0
8415	1510	1.2003	0
8420	1511	1.2011	0
8425	1511	1.2011	0
8430	1512	1.2019	0
8435	1511	1.2011	0
8440	1511	1.2011	0
8445	1510	1.2003	0
8450	1510	1.2003	0
8455	1511	1.2011	0
8460	1511	1.2011	0
8465	1511	1.2011	0
8470	1511	1.2011	0
8475	1511	1.2011	0
8480	1511	1.2011	0
8485	1511	1.2011	0
8490	1510	1.2003	0
8495	1511	1.2011	0
8500	1511	1.2011	0
8505	1511	1.2011	0
8510	1512	1.2019	0
8515	1511	1.2011	0
8520	1511	1.2011	0
8525	1511	1.2011	0
8530	1512	1.2019	0
8535	1512	1.2019	0
8540	1512	1.2019	0
8545	1510	1.2003	0
8550	1511	1.2011	0
8555	1511	1.2011	0
8560	1511	1.2011	0
8565	1511	1.2011	0
8570	1510	1.2003	0
8575	1510	1.2003	0
8580	1512	1.2019	0
8585	1511	1.2011	0
8590	1511	1.2011	0
8595	1511	1.2011	0
8600	1510	1.2003	0
8605	1511	1.2011	0
8610	1510	1.2003	0
8615	1511	1.2011	0
8620	1512	1.2019	0
8625	1510	1.2003	0
8630	1511	1.2011	0
8635	1511	1.2011	0
8640	1512	1.2019	0
8645	1510	1.2003	0
8650	1511	1.2011	0
8655	1510	1.2003	0
8660	1513	1.2027	0
8665	1512	1.2019	0
8670	1511	1.2011	0
8675	1511	1.2011	0
8680	1511	1.2011	0
8685	1510	1.2003	0
8690	1511	1.2011	0
8695	1511	1.2011	0
8700	1511	1.2011	0
8705	1512	1.2019	0
8710	1512	1.2019	0
8715	1512	1.2019	0
8720	1512	1.2019	0
8725	1511	1.2011	0
8730	1512	1.2019	0
8735	1511	1.2011	0
8740	1511	1.2011	0
8745	1512	1.2019	0
8750	1511	1.2011	0
8755	1513	1.2027	0
8760	1512	1.2019	0
8765	1510	1.2003	0
8770	1511	1.2011	0
8775	1510	1.2003	0
8780	1511	1.2011	0
8785	1511	1.2011	0
8790	1511	1.2011	0
8795	1510	1.2003	0
8800	1511	1.2011	0
8805	1511	1.2011	0
8810	1513	1.2027	0
8815	1511	1.2011	0
8820	1511	1.2011	0
8825	1511	1.2011	0
8830	1510	1.2003	0
8835	1511	1.2011	0
8840	1510	1.2003	0
8845	1511	1.2011	0
8850	1510	1.2003	0
8855	1511	1.2011	0
8860	1509	1.1995	0
8865	1510	1.2003	0
8870	1511	1.2011	0
8875	1511	1.2011	0
8880	1511	1.2011	0
8885	1510	1.2003	0
8890	1513	1.2027	0
8895	1511	1.2011	0
8900	1512	1.2019	0
8905	1510	1.2003	0
8910	1510	1.2003	0
8915	1509	1.1995	0
8920	1510	1.2003	0
8925	1510	1.2003	0
8930	1511	1.2011	0
8935	1510	1.2003	0
8940	1511	1.2011	0
8945	1511	1.2011	0
8950	1510	1.2003	0
8955	1511	1.2011	0
8960	1511	1.2011	0
8965	1510	1.2003	0
8970	1512	1.2019	0
8975	1511	1.2011	0
8980	1512	1.2019	0
8985	1510	1.2003	0
8990	1511	1.2011	0
8995	1512	1.2019	0
9000	1510	1.2003	0
9005	1511	1.2011	0
9010	1512	1.2019	0
9015	1511	1.2011	0
9020	1511	1.2011	0
9025	1511	1.2011	0
9030	1511	1.2011	0
9035	1510	1.2003	0
9040	1511	1.2011	0
9045	1510	1.2003	0
9050	1511	1.2011	0
9055	1511	1.2011	0
9060	1511	1.2011	0
9065	1511	1.2011	0
9070	1511	1.2011	0
9075	1511	1.2011	0
9080	1511	1.2011	0
9085	1512	1.2019	0
9090	1512	1.2019	0
9095	1511	1.2011	0
9100	1511	1.2011	0
9105	1510	1.2003	0
9110	1510	1.2003	0
9115	1511	1.2011	0
9120	1510	1.2003	0
9125	1511	1.2011	0
9130	1511	1.2011	0
9135	1512	1.2019	0
9140	1510	1.2003	0
9145	1510	1.2003	0
9150	1511	1.2011	0
9155	1509	1.1995	0
9160	1511	1.2011	0
9165	1510	1.2003	0
9170	1512	1.2019	0
9175	1511	1.2011	0
9180	1511	1.2011	0
9185	1511	1.2011	0
9190	1510	1.2003	0
9195	1510	1.2003	0
9200	1510	1.2003	0
9205	1510	1.2003	0
9210	1512	1.2019	0
9215	1511	1.2011	0
9220	1510	1.2003	0
9225	1511	1.2011	0
9230	1511	1.2011	0
9235	1511	1.2011	0
9240	1511	1.2011	0
9245	1511	1.2011	0
9250	1511	1.2011	0
9255	1511	1.2011	0
9260	1512	1.2019	0
9265	1512	1.2019	0
9270	1511	1.2011	0
9275	1511	1.2011	0
9280	1512	1.2019	0
9285	1510	1.2003	0
9290	1511	1.2011	0
9295	1511	1.2011	0
9300	1511	1.2011	0
9305	1510	1.2003	0
9310	1511	1.2011	0
9315	1510	1.2003	0
9320	1511	1.2011	0
9325	1510	1.2003	0
9330	1511	1.2011	0
9335	1512	1.2019	0
9340	1511	1.2011	0
9345	1510	1.2003	0
9350	1511	1.2011	0
9355	1511	1.2011	0
9360	1510	1.2003	0
9365	1510	1.2003	0
9370	1513	1.2027	0
9375	1509	1.1995	0
9380	1511	1.2011	0
9385	1510	1.2003	0
9390	1511	1.2011	0
9395	1511	1.2011	0
9400	1511	1.2011	0
9405	1510	1.2003	0
9410	1512	1.2019	0
9415	1510	1.2003	0
9420	1511	1.2011	0
9425	1511	1.2011	0
9430	1512	1.2019	0
9435	1510	1.2003	0
9440	1511	1.2011	0
9445	1511	1.2011	0
9450	1511	1.2011	0
9455	1510	1.2003	0
9460	1510	1.2003	0
9465	1511	1.2011	0
9470	1511	1.2011	0
9475	1511	1.2011	0
9480	1511	1.2011	0
9485	1510	1.2003	0
9490	1511	1.2011	0
9495	1510	1.2003	0
9500	1511	1.2011	0
9505	1510	1.2003	0
9510	1510	1.2003	0
9515	1511	1.2011	0
9520	1512	1.2019	0
9525	1509	1.1995	0
9530	1512	1.2019	0
9535	1510	1.2003	0
9540	1511	1.2011	0
9545	1511	1.2011	0
9550	1510	1.2003	0
9555	1510	1.2003	0
9560	1512	1.2019	0
9565	1509	1.1995	0
9570	1510	1.2003	0
9575	1511	1.2011	0
9580	1512	1.2019	0
9585	1510	1.2003	0
9590	1512	1.2019	0
9595	1510	1.2003	0
9600	1511	1.2011	0
9605	1511	1.2011	0
9610	1510	1.2003	0
9615	1510	1.2003	0
9620	1511	1.2011	0
9625	1510	1.2003	0
9630	1511	1.2011	0
9635	1510	1.2003	0
9640	1511	1.2011	0
9645	1511	1.2011	0
9650	1511	1.2011	0
9655	1511	1.2011	0
9660	1511	1.2011	0
9665	1510	1.2003	0
9670	1511	1.2011	0
9675	1512	1.2019	0
9680	1511	1.2011	0
9685	1511	1.2011	0
9690	1513	1.2027	0
9695	1511	1.2011	0
9700	1511	1.2011	0
9705	1511	1.2011	0
9710	1511	1.2011	0
9715	1510	1.2003	0
9720	1512	1.2019	0
9725	1510	1.2003	0
9730	1511	1.2011	0
9735	1511	1.2011	0
9740	1511	1.2011	0
9745	1511	1.2011	0
9750	1511	1.2011	0
9755	1510	1.2003	0
9760	1510	1.2003	0
9765	1510	1.2003	0
9770	1511	1.2011	0
9775	1511	1.2011	0
9780	1511	1.2011	0
9785	1511	1.2011	0
