time[s] raw_val Vi  Vbat    CHG Pin
5	249	0.1968	2.7236	0
10	249	0.1968	2.7427	0
15	249	0.1968	2.7565	0
20	249	0.1968	2.7681	0
25	249	0.1968	2.7776	0
30	248	0.1960	2.7882	0
35	250	0.1976	2.7978	0
40	250	0.1976	2.8062	0
45	1506	1.1902	2.9810	0
50	1506	1.1902	3.0382	0
55	1505	1.1894	3.0721	0
60	1506	1.1902	3.1060	0
65	1504	1.1886	3.1336	0
70	1504	1.1886	3.1590	0
75	1504	1.1886	3.1781	0
80	1504	1.1886	3.1982	0
85	1504	1.1886	3.2141	0
90	1503	1.1878	3.2321	0
95	1505	1.1894	3.2448	0
100	1505	1.1894	3.2596	0
105	1504	1.1886	3.2724	0
110	1506	1.1902	3.2840	0
115	1505	1.1894	3.2967	0
120	1505	1.1894	3.3084	0
125	1504	1.1886	3.3169	0
130	1504	1.1886	3.3296	0
135	1504	1.1886	3.3370	0
140	1505	1.1894	3.3486	0
145	1504	1.1886	3.3561	0
150	1505	1.1894	3.3656	0
155	1505	1.1894	3.3730	0
160	1505	1.1894	3.3815	0
165	1503	1.1878	3.3900	0
170	1505	1.1894	3.3974	0
175	1504	1.1886	3.4048	0
180	1504	1.1886	3.4133	0
185	1503	1.1878	3.4196	0
190	1505	1.1894	3.4270	0
195	1504	1.1886	3.4323	0
200	1504	1.1886	3.4397	0
205	1503	1.1878	3.4450	0
210	1504	1.1886	3.4514	0
215	1505	1.1894	3.4577	0
220	1506	1.1902	3.4641	0
225	1504	1.1886	3.4694	0
230	1503	1.1878	3.4747	0
235	1503	1.1878	3.4789	0
240	1504	1.1886	3.4853	0
245	1504	1.1886	3.4906	0
250	1505	1.1894	3.4969	0
255	1504	1.1886	3.4991	0
260	1505	1.1894	3.5065	0
265	1505	1.1894	3.5097	0
270	1504	1.1886	3.5160	0
275	1504	1.1886	3.5192	0
280	1505	1.1894	3.5245	0
285	1503	1.1878	3.5298	0
290	1504	1.1886	3.5340	0
295	1505	1.1894	3.5372	0
300	1504	1.1886	3.5425	0
305	1504	1.1886	3.5457	0
310	1505	1.1894	3.5510	0
315	1504	1.1886	3.5531	0
320	1505	1.1894	3.5584	0
325	1502	1.1870	3.5605	0
330	1503	1.1878	3.5647	0
335	1504	1.1886	3.5690	0
340	1505	1.1894	3.5732	0
345	1505	1.1894	3.5764	0
350	1504	1.1886	3.5806	0
355	1505	1.1894	3.5828	0
360	1504	1.1886	3.5870	0
365	1503	1.1878	3.5891	0
370	1504	1.1886	3.5944	0
375	1504	1.1886	3.5965	0
380	1504	1.1886	3.6008	0
385	1504	1.1886	3.6029	0
390	1504	1.1886	3.6082	0
395	1503	1.1878	3.6103	0
400	1504	1.1886	3.6135	0
405	1503	1.1878	3.6156	0
410	1505	1.1894	3.6198	0
415	1503	1.1878	3.6220	0
420	1505	1.1894	3.6251	0
425	1505	1.1894	3.6283	0
430	1505	1.1894	3.6304	0
435	1503	1.1878	3.6315	0
440	1504	1.1886	3.6357	0
445	1504	1.1886	3.6389	0
450	1503	1.1878	3.6410	0
455	1503	1.1878	3.6421	0
460	1503	1.1878	3.6463	0
465	1504	1.1886	3.6484	0
470	1503	1.1878	3.6506	0
475	1503	1.1878	3.6527	0
480	1504	1.1886	3.6548	0
485	1503	1.1878	3.6558	0
490	1504	1.1886	3.6611	0
495	1503	1.1878	3.6601	0
500	1503	1.1878	3.6643	0
505	1505	1.1894	3.6654	0
510	1506	1.1902	3.6675	0
515	1504	1.1886	3.6686	0
520	1505	1.1894	3.6707	0
525	1504	1.1886	3.6707	0
530	1504	1.1886	3.6728	0
535	1504	1.1886	3.6728	0
540	1506	1.1902	3.6749	0
545	1504	1.1886	3.6749	0
550	1503	1.1878	3.6770	0
555	1503	1.1878	3.6760	0
560	1505	1.1894	3.6792	0
565	1502	1.1870	3.6781	0
570	1504	1.1886	3.6802	0
575	1503	1.1878	3.6781	0
580	1504	1.1886	3.6802	0
585	1503	1.1878	3.6792	0
590	1505	1.1894	3.6813	0
595	1503	1.1878	3.6802	0
600	1504	1.1886	3.6823	0
605	1504	1.1886	3.6813	0
610	1503	1.1878	3.6823	0
615	1503	1.1878	3.6823	0
620	1505	1.1894	3.6834	0
625	1502	1.1870	3.6823	0
630	1504	1.1886	3.6834	0
635	1504	1.1886	3.6823	0
640	1505	1.1894	3.6855	0
645	1503	1.1878	3.6834	0
650	1505	1.1894	3.6855	0
655	1504	1.1886	3.6845	0
660	1505	1.1894	3.6866	0
665	1503	1.1878	3.6834	0
670	1504	1.1886	3.6866	0
675	1502	1.1870	3.6866	0
680	1505	1.1894	3.6866	0
685	1503	1.1878	3.6866	0
690	1503	1.1878	3.6876	0
695	1503	1.1878	3.6876	0
700	1503	1.1878	3.6887	0
705	1504	1.1886	3.6876	0
710	1504	1.1886	3.6887	0
715	1502	1.1870	3.6887	0
720	1503	1.1878	3.6897	0
725	1503	1.1878	3.6897	0
730	1504	1.1886	3.6908	0
735	1504	1.1886	3.6897	0
740	1504	1.1886	3.6919	0
745	1502	1.1870	3.6908	0
750	1503	1.1878	3.6929	0
755	1504	1.1886	3.6908	0
760	1504	1.1886	3.6929	0
765	1502	1.1870	3.6929	0
770	1503	1.1878	3.6940	0
775	1504	1.1886	3.6940	0
780	1504	1.1886	3.6950	0
785	1504	1.1886	3.6940	0
790	1504	1.1886	3.6961	0
795	1503	1.1878	3.6950	0
800	1503	1.1878	3.6961	0
805	1503	1.1878	3.6950	0
810	1505	1.1894	3.6982	0
815	1503	1.1878	3.6961	0
820	1504	1.1886	3.6982	0
825	1502	1.1870	3.6982	0
830	1504	1.1886	3.7003	0
835	1503	1.1878	3.6972	0
840	1505	1.1894	3.6993	0
845	1503	1.1878	3.6993	0
850	1505	1.1894	3.7014	0
855	1503	1.1878	3.6993	0
860	1503	1.1878	3.7025	0
865	1502	1.1870	3.7003	0
870	1504	1.1886	3.7025	0
875	1503	1.1878	3.7014	0
880	1504	1.1886	3.7035	0
885	1502	1.1870	3.7025	0
890	1504	1.1886	3.7056	0
895	1503	1.1878	3.7046	0
900	1504	1.1886	3.7046	0
905	1503	1.1878	3.7035	0
910	1503	1.1878	3.7067	0
915	1502	1.1870	3.7056	0
920	1504	1.1886	3.7078	0
925	1503	1.1878	3.7067	0
930	1504	1.1886	3.7067	0
935	1502	1.1870	3.7067	0
940	1504	1.1886	3.7078	0
945	1503	1.1878	3.7078	0
950	1503	1.1878	3.7099	0
955	1503	1.1878	3.7088	0
960	1505	1.1894	3.7109	0
965	1502	1.1870	3.7099	0
970	1502	1.1870	3.7120	0
975	1502	1.1870	3.7109	0
980	1503	1.1878	3.7131	0
985	1503	1.1878	3.7120	0
990	1503	1.1878	3.7131	0
995	1503	1.1878	3.7131	0
1000	1503	1.1878	3.7152	0
1005	1502	1.1870	3.7141	0
1010	1504	1.1886	3.7162	0
1015	1503	1.1878	3.7152	0
1020	1504	1.1886	3.7162	0
1025	1502	1.1870	3.7152	0
1030	1503	1.1878	3.7173	0
1035	1502	1.1870	3.7162	0
1040	1504	1.1886	3.7194	0
1045	1505	1.1894	3.7194	0
1050	1502	1.1870	3.7205	0
1055	1505	1.1894	3.7205	0
1060	1504	1.1886	3.7215	0
1065	1503	1.1878	3.7205	0
1070	1502	1.1870	3.7215	0
1075	1502	1.1870	3.7215	0
1080	1503	1.1878	3.7226	0
1085	1501	1.1862	3.7226	0
1090	1503	1.1878	3.7236	0
1095	1503	1.1878	3.7236	0
1100	1504	1.1886	3.7258	0
1105	1503	1.1878	3.7258	0
1110	1504	1.1886	3.7268	0
1115	1502	1.1870	3.7258	0
1120	1503	1.1878	3.7268	0
1125	1503	1.1878	3.7268	0
1130	1503	1.1878	3.7289	0
1135	1504	1.1886	3.7279	0
1140	1503	1.1878	3.7300	0
1145	1503	1.1878	3.7300	0
1150	1504	1.1886	3.7311	0
1155	1504	1.1886	3.7300	0
1160	1505	1.1894	3.7332	0
1165	1502	1.1870	3.7300	0
1170	1504	1.1886	3.7332	0
1175	1503	1.1878	3.7332	0
1180	1503	1.1878	3.7342	0
1185	1502	1.1870	3.7321	0
1190	1504	1.1886	3.7364	0
1195	1502	1.1870	3.7342	0
1200	1503	1.1878	3.7374	0
1205	1502	1.1870	3.7374	0
1210	1504	1.1886	3.7395	0
1215	1503	1.1878	3.7385	0
1220	1503	1.1878	3.7385	0
1225	1503	1.1878	3.7385	0
1230	1503	1.1878	3.7406	0
1235	1503	1.1878	3.7395	0
1240	1505	1.1894	3.7427	0
1245	1502	1.1870	3.7417	0
1250	1503	1.1878	3.7427	0
1255	1504	1.1886	3.7427	0
1260	1503	1.1878	3.7448	0
1265	1503	1.1878	3.7448	0
1270	1504	1.1886	3.7459	0
1275	1503	1.1878	3.7459	0
1280	1504	1.1886	3.7470	0
1285	1503	1.1878	3.7459	0
1290	1503	1.1878	3.7491	0
1295	1503	1.1878	3.7470	0
1300	1504	1.1886	3.7491	0
1305	1502	1.1870	3.7491	0
1310	1504	1.1886	3.7501	0
1315	1502	1.1870	3.7501	0
1320	1502	1.1870	3.7512	0
1325	1503	1.1878	3.7512	0
1330	1502	1.1870	3.7544	0
1335	1503	1.1878	3.7523	0
1340	1502	1.1870	3.7544	0
1345	1502	1.1870	3.7533	0
1350	1504	1.1886	3.7554	0
1355	1504	1.1886	3.7544	0
1360	1502	1.1870	3.7575	0
1365	1502	1.1870	3.7565	0
1370	1504	1.1886	3.7575	0
1375	1501	1.1862	3.7554	0
1380	1504	1.1886	3.7586	0
1385	1501	1.1862	3.7575	0
1390	1503	1.1878	3.7607	0
1395	1503	1.1878	3.7597	0
1400	1503	1.1878	3.7618	0
1405	1503	1.1878	3.7607	0
1410	1504	1.1886	3.7628	0
1415	1501	1.1862	3.7607	0
1420	1504	1.1886	3.7639	0
1425	1503	1.1878	3.7628	0
1430	1503	1.1878	3.7650	0
1435	1502	1.1870	3.7639	0
1440	1502	1.1870	3.7660	0
1445	1502	1.1870	3.7660	0
1450	1502	1.1870	3.7671	0
1455	1503	1.1878	3.7671	0
1460	1504	1.1886	3.7692	0
1465	1502	1.1870	3.7681	0
1470	1503	1.1878	3.7703	0
1475	1502	1.1870	3.7692	0
1480	1502	1.1870	3.7713	0
1485	1502	1.1870	3.7703	0
1490	1504	1.1886	3.7724	0
1495	1502	1.1870	3.7724	0
1500	1503	1.1878	3.7756	0
1505	1502	1.1870	3.7745	0
1510	1503	1.1878	3.7745	0
1515	1502	1.1870	3.7745	0
1520	1502	1.1870	3.7766	0
1525	1501	1.1862	3.7745	0
1530	1503	1.1878	3.7777	0
1535	1503	1.1878	3.7766	0
1540	1504	1.1886	3.7787	0
1545	1503	1.1878	3.7766	0
1550	1504	1.1886	3.7798	0
1555	1503	1.1878	3.7798	0
1560	1504	1.1886	3.7819	0
1565	1503	1.1878	3.7819	0
1570	1502	1.1870	3.7819	0
1575	1501	1.1862	3.7819	0
1580	1503	1.1878	3.7840	0
1585	1501	1.1862	3.7819	0
1590	1503	1.1878	3.7830	0
1595	1503	1.1878	3.7840	0
1600	1504	1.1886	3.7851	0
1605	1504	1.1886	3.7851	0
1610	1503	1.1878	3.7883	0
1615	1503	1.1878	3.7862	0
1620	1503	1.1878	3.7883	0
1625	1501	1.1862	3.7872	0
1630	1503	1.1878	3.7893	0
1635	1503	1.1878	3.7883	0
1640	1503	1.1878	3.7904	0
1645	1502	1.1870	3.7904	0
1650	1503	1.1878	3.7925	0
1655	1503	1.1878	3.7904	0
1660	1502	1.1870	3.7914	0
1665	1502	1.1870	3.7925	0
1670	1504	1.1886	3.7925	0
1675	1503	1.1878	3.7925	0
1680	1502	1.1870	3.7936	0
1685	1503	1.1878	3.7936	0
1690	1503	1.1878	3.7946	0
1695	1502	1.1870	3.7936	0
1700	1503	1.1878	3.7946	0
1705	1502	1.1870	3.7936	0
1710	1503	1.1878	3.7946	0
1715	1504	1.1886	3.7946	0
1720	1502	1.1870	3.7957	0
1725	1502	1.1870	3.7957	0
1730	1504	1.1886	3.7957	0
1735	1501	1.1862	3.7946	0
1740	1502	1.1870	3.7957	0
1745	1502	1.1870	3.7957	0
1750	1501	1.1862	3.7957	0
1755	1502	1.1870	3.7957	0
1760	1502	1.1870	3.7957	0
1765	1502	1.1870	3.7957	0
1770	1503	1.1878	3.7967	0
1775	1501	1.1862	3.7957	0
1780	1502	1.1870	3.7978	0
1785	1504	1.1886	3.7967	0
1790	1502	1.1870	3.7978	0
1795	1501	1.1862	3.7967	0
1800	1503	1.1878	3.7989	0
1805	1503	1.1878	3.7999	0
1810	1502	1.1870	3.7989	0
1815	1503	1.1878	3.7978	0
1820	1504	1.1886	3.8010	0
1825	1501	1.1862	3.7999	0
1830	1502	1.1870	3.8020	0
1835	1501	1.1862	3.8020	0
1840	1502	1.1870	3.8020	0
1845	1502	1.1870	3.8010	0
1850	1502	1.1870	3.8031	0
1855	1501	1.1862	3.8020	0
1860	1502	1.1870	3.8042	0
1865	1502	1.1870	3.8031	0
1870	1502	1.1870	3.8042	0
1875	1500	1.1854	3.8052	0
1880	1502	1.1870	3.8073	0
1885	1503	1.1878	3.8063	0
1890	1502	1.1870	3.8073	0
1895	1502	1.1870	3.8063	0
1900	1502	1.1870	3.8084	0
1905	1501	1.1862	3.8084	0
1910	1503	1.1878	3.8095	0
1915	1502	1.1870	3.8084	0
1920	1502	1.1870	3.8105	0
1925	1503	1.1878	3.8084	0
1930	1503	1.1878	3.8105	0
1935	1500	1.1854	3.8095	0
1940	1503	1.1878	3.8116	0
1945	1502	1.1870	3.8116	0
1950	1501	1.1862	3.8126	0
1955	1503	1.1878	3.8116	0
1960	1502	1.1870	3.8148	0
1965	1501	1.1862	3.8126	0
1970	1502	1.1870	3.8148	0
1975	1502	1.1870	3.8126	0
1980	1502	1.1870	3.8158	0
1985	1501	1.1862	3.8148	0
1990	1503	1.1878	3.8148	0
1995	1502	1.1870	3.8148	0
2000	1501	1.1862	3.8169	0
2005	1503	1.1878	3.8158	0
2010	1503	1.1878	3.8190	0
2015	1503	1.1878	3.8179	0
2020	1501	1.1862	3.8190	0
2025	1503	1.1878	3.8169	0
2030	1501	1.1862	3.8190	0
2035	1501	1.1862	3.8179	0
2040	1503	1.1878	3.8201	0
2045	1502	1.1870	3.8201	0
2050	1503	1.1878	3.8222	0
2055	1503	1.1878	3.8211	0
2060	1501	1.1862	3.8232	0
2065	1502	1.1870	3.8211	0
2070	1502	1.1870	3.8232	0
2075	1502	1.1870	3.8222	0
2080	1502	1.1870	3.8243	0
2085	1502	1.1870	3.8243	0
2090	1503	1.1878	3.8253	0
2095	1502	1.1870	3.8232	0
2100	1502	1.1870	3.8264	0
2105	1502	1.1870	3.8264	0
2110	1502	1.1870	3.8275	0
2115	1502	1.1870	3.8264	0
2120	1502	1.1870	3.8275	0
2125	1500	1.1854	3.8275	0
2130	1503	1.1878	3.8296	0
2135	1501	1.1862	3.8285	0
2140	1503	1.1878	3.8296	0
2145	1502	1.1870	3.8285	0
2150	1502	1.1870	3.8306	0
2155	1502	1.1870	3.8306	0
2160	1503	1.1878	3.8317	0
2165	1501	1.1862	3.8317	0
2170	1503	1.1878	3.8328	0
2175	1501	1.1862	3.8328	0
2180	1502	1.1870	3.8349	0
2185	1502	1.1870	3.8328	0
2190	1502	1.1870	3.8338	0
2195	1501	1.1862	3.8349	0
2200	1502	1.1870	3.8349	0
2205	1501	1.1862	3.8349	0
2210	1501	1.1862	3.8359	0
2215	1504	1.1886	3.8359	0
2220	1505	1.1894	3.8381	0
2225	1503	1.1878	3.8370	0
2230	1501	1.1862	3.8391	0
2235	1502	1.1870	3.8381	0
2240	1502	1.1870	3.8391	0
2245	1502	1.1870	3.8391	0
2250	1502	1.1870	3.8402	0
2255	1501	1.1862	3.8391	0
2260	1503	1.1878	3.8412	0
2265	1501	1.1862	3.8412	0
2270	1502	1.1870	3.8412	0
2275	1501	1.1862	3.8412	0
2280	1502	1.1870	3.8423	0
2285	1502	1.1870	3.8423	0
2290	1503	1.1878	3.8444	0
2295	1501	1.1862	3.8444	0
2300	1502	1.1870	3.8444	0
2305	1501	1.1862	3.8434	0
2310	1502	1.1870	3.8465	0
2315	1502	1.1870	3.8455	0
2320	1502	1.1870	3.8487	0
2325	1503	1.1878	3.8476	0
2330	1502	1.1870	3.8497	0
2335	1501	1.1862	3.8497	0
2340	1503	1.1878	3.8497	0
2345	1501	1.1862	3.8497	0
2350	1503	1.1878	3.8508	0
2355	1501	1.1862	3.8497	0
2360	1500	1.1854	3.8518	0
2365	1503	1.1878	3.8508	0
2370	1504	1.1886	3.8518	0
2375	1502	1.1870	3.8529	0
2380	1502	1.1870	3.8540	0
2385	1502	1.1870	3.8540	0
2390	1502	1.1870	3.8561	0
2395	1501	1.1862	3.8561	0
2400	1502	1.1870	3.8571	0
2405	1501	1.1862	3.8561	0
2410	1501	1.1862	3.8571	0
2415	1502	1.1870	3.8582	0
2420	1502	1.1870	3.8582	0
2425	1503	1.1878	3.8582	0
2430	1501	1.1862	3.8603	0
2435	1502	1.1870	3.8592	0
2440	1503	1.1878	3.8614	0
2445	1501	1.1862	3.8603	0
2450	1503	1.1878	3.8624	0
2455	1502	1.1870	3.8614	0
2460	1503	1.1878	3.8635	0
2465	1502	1.1870	3.8624	0
2470	1502	1.1870	3.8645	0
2475	1501	1.1862	3.8645	0
2480	1502	1.1870	3.8656	0
2485	1501	1.1862	3.8667	0
2490	1501	1.1862	3.8667	0
2495	1502	1.1870	3.8677	0
2500	1503	1.1878	3.8688	0
2505	1501	1.1862	3.8677	0
2510	1501	1.1862	3.8688	0
2515	1501	1.1862	3.8709	0
2520	1502	1.1870	3.8698	0
2525	1500	1.1854	3.8698	0
2530	1502	1.1870	3.8730	0
2535	1501	1.1862	3.8709	0
2540	1501	1.1862	3.8741	0
2545	1500	1.1854	3.8741	0
2550	1502	1.1870	3.8751	0
2555	1502	1.1870	3.8741	0
2560	1502	1.1870	3.8762	0
2565	1502	1.1870	3.8762	0
2570	1501	1.1862	3.8773	0
2575	1501	1.1862	3.8773	0
2580	1501	1.1862	3.8773	0
2585	1501	1.1862	3.8773	0
2590	1502	1.1870	3.8804	0
2595	1502	1.1870	3.8804	0
2600	1502	1.1870	3.8815	0
2605	1501	1.1862	3.8815	0
2610	1500	1.1854	3.8836	0
2615	1501	1.1862	3.8815	0
2620	1503	1.1878	3.8826	0
2625	1502	1.1870	3.8836	0
2630	1501	1.1862	3.8868	0
2635	1501	1.1862	3.8857	0
2640	1502	1.1870	3.8868	0
2645	1502	1.1870	3.8868	0
2650	1502	1.1870	3.8878	0
2655	1501	1.1862	3.8878	0
2660	1501	1.1862	3.8889	0
2665	1502	1.1870	3.8910	0
2670	1502	1.1870	3.8910	0
2675	1500	1.1854	3.8910	0
2680	1502	1.1870	3.8921	0
2685	1501	1.1862	3.8921	0
2690	1503	1.1878	3.8931	0
2695	1501	1.1862	3.8931	0
2700	1502	1.1870	3.8953	0
2705	1502	1.1870	3.8953	0
2710	1503	1.1878	3.8963	0
2715	1502	1.1870	3.8963	0
2720	1502	1.1870	3.8963	0
2725	1501	1.1862	3.8984	0
2730	1503	1.1878	3.9006	0
2735	1502	1.1870	3.8974	0
2740	1501	1.1862	3.9016	0
2745	1502	1.1870	3.9006	0
2750	1502	1.1870	3.9016	0
2755	1501	1.1862	3.9016	0
2760	1501	1.1862	3.9048	0
2765	1500	1.1854	3.9027	0
2770	1503	1.1878	3.9037	0
2775	1501	1.1862	3.9048	0
2780	1502	1.1870	3.9080	0
2785	1502	1.1870	3.9059	0
2790	1502	1.1870	3.9090	0
2795	1502	1.1870	3.9069	0
2800	1501	1.1862	3.9112	0
2805	1501	1.1862	3.9101	0
2810	1502	1.1870	3.9122	0
2815	1501	1.1862	3.9122	0
2820	1501	1.1862	3.9122	0
2825	1502	1.1870	3.9112	0
2830	1501	1.1862	3.9143	0
2835	1502	1.1870	3.9143	0
2840	1503	1.1878	3.9165	0
2845	1501	1.1862	3.9154	0
2850	1501	1.1862	3.9175	0
2855	1503	1.1878	3.9175	0
2860	1501	1.1862	3.9196	0
2865	1501	1.1862	3.9186	0
2870	1501	1.1862	3.9196	0
2875	1501	1.1862	3.9207	0
2880	1502	1.1870	3.9217	0
2885	1501	1.1862	3.9207	0
2890	1500	1.1854	3.9239	0
2895	1501	1.1862	3.9217	0
2900	1501	1.1862	3.9249	0
2905	1501	1.1862	3.9228	0
2910	1502	1.1870	3.9260	0
2915	1502	1.1870	3.9260	0
2920	1501	1.1862	3.9270	0
2925	1500	1.1854	3.9270	0
2930	1502	1.1870	3.9292	0
2935	1502	1.1870	3.9281	0
2940	1501	1.1862	3.9292	0
2945	1501	1.1862	3.9302	0
2950	1500	1.1854	3.9313	0
2955	1500	1.1854	3.9323	0
2960	1500	1.1854	3.9323	0
2965	1501	1.1862	3.9323	0
2970	1501	1.1862	3.9355	0
2975	1500	1.1854	3.9334	0
2980	1502	1.1870	3.9366	0
2985	1501	1.1862	3.9345	0
2990	1501	1.1862	3.9376	0
2995	1501	1.1862	3.9366	0
3000	1501	1.1862	3.9387	0
3005	1501	1.1862	3.9387	0
3010	1501	1.1862	3.9398	0
3015	1500	1.1854	3.9387	0
3020	1503	1.1878	3.9419	0
3025	1500	1.1854	3.9408	0
3030	1501	1.1862	3.9429	0
3035	1500	1.1854	3.9429	0
3040	1501	1.1862	3.9429	0
3045	1502	1.1870	3.9440	0
3050	1501	1.1862	3.9461	0
3055	1500	1.1854	3.9440	0
3060	1501	1.1862	3.9472	0
3065	1500	1.1854	3.9461	0
3070	1499	1.1846	3.9461	0
3075	1501	1.1862	3.9461	0
3080	1500	1.1854	3.9482	0
3085	1499	1.1846	3.9482	0
3090	1503	1.1878	3.9504	0
3095	1501	1.1862	3.9514	0
3100	1500	1.1854	3.9525	0
3105	1499	1.1846	3.9504	0
3110	1502	1.1870	3.9535	0
3115	1500	1.1854	3.9525	0
3120	1501	1.1862	3.9546	0
3125	1500	1.1854	3.9546	0
3130	1503	1.1878	3.9556	0
3135	1500	1.1854	3.9556	0
3140	1500	1.1854	3.9567	0
3145	1499	1.1846	3.9567	0
3150	1501	1.1862	3.9588	0
3155	1501	1.1862	3.9578	0
3160	1501	1.1862	3.9599	0
3165	1502	1.1870	3.9609	0
3170	1500	1.1854	3.9609	0
3175	1500	1.1854	3.9609	0
3180	1501	1.1862	3.9631	0
3185	1501	1.1862	3.9620	0
3190	1501	1.1862	3.9631	0
3195	1500	1.1854	3.9641	0
3200	1501	1.1862	3.9652	0
3205	1500	1.1854	3.9641	0
3210	1501	1.1862	3.9652	0
3215	1500	1.1854	3.9652	0
3220	1500	1.1854	3.9662	0
3225	1501	1.1862	3.9673	0
3230	1499	1.1846	3.9673	0
3235	1502	1.1870	3.9662	0
3240	1501	1.1862	3.9694	0
3245	1503	1.1878	3.9684	0
3250	1502	1.1870	3.9694	0
3255	1500	1.1854	3.9684	0
3260	1501	1.1862	3.9705	0
3265	1500	1.1854	3.9694	0
3270	1502	1.1870	3.9715	0
3275	1499	1.1846	3.9715	0
3280	1500	1.1854	3.9737	0
3285	1499	1.1846	3.9737	0
3290	1500	1.1854	3.9758	0
3295	1499	1.1846	3.9737	0
3300	1501	1.1862	3.9768	0
3305	1500	1.1854	3.9758	0
3310	1500	1.1854	3.9779	0
3315	1501	1.1862	3.9768	0
3320	1499	1.1846	3.9790	0
3325	1499	1.1846	3.9779	0
3330	1500	1.1854	3.9790	0
3335	1500	1.1854	3.9790	0
3340	1500	1.1854	3.9811	0
3345	1500	1.1854	3.9800	0
3350	1499	1.1846	3.9821	0
3355	1499	1.1846	3.9800	0
3360	1500	1.1854	3.9843	0
3365	1498	1.1838	3.9811	0
3370	1500	1.1854	3.9832	0
3375	1500	1.1854	3.9832	0
3380	1501	1.1862	3.9843	0
3385	1499	1.1846	3.9821	0
3390	1501	1.1862	3.9853	0
3395	1501	1.1862	3.9864	0
3400	1501	1.1862	3.9864	0
3405	1501	1.1862	3.9864	0
3410	1500	1.1854	3.9874	0
3415	1501	1.1862	3.9874	0
3420	1502	1.1870	3.9885	0
3425	1501	1.1862	3.9885	0
3430	1502	1.1870	3.9895	0
3435	1499	1.1846	3.9895	0
3440	1501	1.1862	3.9906	0
3445	1499	1.1846	3.9895	0
3450	1501	1.1862	3.9917	0
3455	1502	1.1870	3.9906	0
3460	1502	1.1870	3.9927	0
3465	1499	1.1846	3.9927	0
3470	1501	1.1862	3.9938	0
3475	1501	1.1862	3.9948	0
3480	1499	1.1846	3.9948	0
3485	1499	1.1846	3.9938	0
3490	1500	1.1854	3.9948	0
3495	1500	1.1854	3.9948	0
3500	1500	1.1854	3.9970	0
3505	1500	1.1854	3.9948	0
3510	1500	1.1854	3.9970	0
3515	1498	1.1838	3.9959	0
3520	1500	1.1854	3.9991	0
3525	1500	1.1854	3.9980	0
3530	1500	1.1854	3.9991	0
3535	1500	1.1854	3.9980	0
3540	1501	1.1862	4.0012	0
3545	1500	1.1854	3.9991	0
3550	1501	1.1862	4.0012	0
3555	1500	1.1854	4.0001	0
3560	1501	1.1862	4.0023	0
3565	1501	1.1862	4.0023	0
3570	1501	1.1862	4.0023	0
3575	1499	1.1846	4.0023	0
3580	1501	1.1862	4.0033	0
3585	1501	1.1862	4.0033	0
3590	1501	1.1862	4.0044	0
3595	1499	1.1846	4.0033	0
3600	1501	1.1862	4.0065	0
3605	1499	1.1846	4.0054	0
3610	1500	1.1854	4.0076	0
3615	1499	1.1846	4.0054	0
3620	1501	1.1862	4.0086	0
3625	1499	1.1846	4.0065	0
3630	1499	1.1846	4.0086	0
3635	1500	1.1854	4.0076	0
3640	1502	1.1870	4.0086	0
3645	1499	1.1846	4.0086	0
3650	1501	1.1862	4.0097	0
3655	1499	1.1846	4.0097	0
3660	1499	1.1846	4.0118	0
3665	1500	1.1854	4.0107	0
3670	1501	1.1862	4.0118	0
3675	1500	1.1854	4.0118	0
3680	1499	1.1846	4.0118	0
3685	1500	1.1854	4.0118	0
3690	1500	1.1854	4.0129	0
3695	1501	1.1862	4.0118	0
3700	1500	1.1854	4.0139	0
3705	1499	1.1846	4.0139	0
3710	1501	1.1862	4.0150	0
3715	1501	1.1862	4.0118	0
3720	1501	1.1862	4.0150	0
3725	1499	1.1846	4.0139	0
3730	1500	1.1854	4.0160	0
3735	1501	1.1862	4.0160	0
3740	1501	1.1862	4.0171	0
3745	1498	1.1838	4.0171	0
3750	1498	1.1838	4.0171	0
3755	1500	1.1854	4.0171	0
3760	1500	1.1854	4.0192	0
3765	1500	1.1854	4.0182	0
3770	1500	1.1854	4.0192	0
3775	1501	1.1862	4.0192	0
3780	1500	1.1854	4.0224	0
3785	1499	1.1846	4.0203	0
3790	1502	1.1870	4.0213	0
3795	1499	1.1846	4.0203	0
3800	1500	1.1854	4.0224	0
3805	1499	1.1846	4.0213	0
3810	1500	1.1854	4.0224	0
3815	1499	1.1846	4.0203	0
3820	1501	1.1862	4.0224	0
3825	1500	1.1854	4.0234	0
3830	1502	1.1870	4.0245	0
3835	1500	1.1854	4.0224	0
3840	1500	1.1854	4.0256	0
3845	1500	1.1854	4.0245	0
3850	1501	1.1862	4.0256	0
3855	1500	1.1854	4.0245	0
3860	1500	1.1854	4.0277	0
3865	1499	1.1846	4.0266	0
3870	1502	1.1870	4.0277	0
3875	1502	1.1870	4.0266	0
3880	1500	1.1854	4.0277	0
3885	1499	1.1846	4.0277	0
3890	1499	1.1846	4.0277	0
3895	1500	1.1854	4.0277	0
3900	1500	1.1854	4.0287	0
3905	1501	1.1862	4.0287	0
3910	1500	1.1854	4.0309	0
3915	1498	1.1838	4.0287	0
3920	1500	1.1854	4.0309	0
3925	1500	1.1854	4.0298	0
3930	1500	1.1854	4.0319	0
3935	1498	1.1838	4.0309	0
3940	1499	1.1846	4.0309	0
3945	1499	1.1846	4.0319	0
3950	1500	1.1854	4.0340	0
3955	1499	1.1846	4.0330	0
3960	1501	1.1862	4.0340	0
3965	1500	1.1854	4.0340	0
3970	1501	1.1862	4.0340	0
3975	1500	1.1854	4.0340	0
3980	1500	1.1854	4.0362	0
3985	1498	1.1838	4.0351	0
3990	1500	1.1854	4.0362	0
3995	1500	1.1854	4.0351	0
4000	1500	1.1854	4.0362	0
4005	1499	1.1846	4.0351	0
4010	1499	1.1846	4.0372	0
4015	1500	1.1854	4.0372	0
4020	1500	1.1854	4.0383	0
4025	1499	1.1846	4.0383	0
4030	1502	1.1870	4.0383	0
4035	1500	1.1854	4.0383	0
4040	1501	1.1862	4.0393	0
4045	1500	1.1854	4.0383	0
4050	1499	1.1846	4.0404	0
4055	1500	1.1854	4.0393	0
4060	1501	1.1862	4.0404	0
4065	1500	1.1854	4.0404	0
4070	1500	1.1854	4.0415	0
4075	1501	1.1862	4.0415	0
4080	1499	1.1846	4.0425	0
4085	1498	1.1838	4.0415	0
4090	1500	1.1854	4.0425	0
4095	1500	1.1854	4.0425	0
4100	1501	1.1862	4.0436	0
4105	1499	1.1846	4.0425	0
4110	1500	1.1854	4.0446	0
4115	1501	1.1862	4.0436	0
4120	1499	1.1846	4.0457	0
4125	1500	1.1854	4.0436	0
4130	1500	1.1854	4.0457	0
4135	1498	1.1838	4.0457	0
4140	1499	1.1846	4.0457	0
4145	1501	1.1862	4.0457	0
4150	1500	1.1854	4.0457	0
4155	1499	1.1846	4.0446	0
4160	1500	1.1854	4.0468	0
4165	1500	1.1854	4.0478	0
4170	1500	1.1854	4.0478	0
4175	1499	1.1846	4.0478	0
4180	1499	1.1846	4.0489	0
4185	1499	1.1846	4.0478	0
4190	1499	1.1846	4.0489	0
4195	1500	1.1854	4.0489	0
4200	1500	1.1854	4.0499	0
4205	1499	1.1846	4.0489	0
4210	1500	1.1854	4.0521	0
4215	1500	1.1854	4.0499	0
4220	1500	1.1854	4.0521	0
4225	1499	1.1846	4.0499	0
4230	1499	1.1846	4.0510	0
4235	1499	1.1846	4.0510	0
4240	1499	1.1846	4.0521	0
4245	1499	1.1846	4.0510	0
4250	1499	1.1846	4.0542	0
4255	1499	1.1846	4.0521	0
4260	1500	1.1854	4.0542	0
4265	1500	1.1854	4.0531	0
4270	1500	1.1854	4.0542	0
4275	1499	1.1846	4.0542	0
4280	1499	1.1846	4.0552	0
4285	1499	1.1846	4.0542	0
4290	1500	1.1854	4.0542	0
4295	1499	1.1846	4.0552	0
4300	1498	1.1838	4.0563	0
4305	1498	1.1838	4.0563	0
4310	1500	1.1854	4.0573	0
4315	1498	1.1838	4.0563	0
4320	1498	1.1838	4.0584	0
4325	1500	1.1854	4.0573	0
4330	1500	1.1854	4.0573	0
4335	1500	1.1854	4.0573	0
4340	1501	1.1862	4.0584	0
4345	1499	1.1846	4.0573	0
4350	1499	1.1846	4.0595	0
4355	1500	1.1854	4.0595	0
4360	1499	1.1846	4.0595	0
4365	1500	1.1854	4.0584	0
4370	1499	1.1846	4.0605	0
4375	1499	1.1846	4.0605	0
4380	1499	1.1846	4.0595	0
4385	1500	1.1854	4.0605	0
4390	1500	1.1854	4.0616	0
4395	1499	1.1846	4.0605	0
4400	1498	1.1838	4.0616	0
4405	1498	1.1838	4.0616	0
4410	1500	1.1854	4.0637	0
4415	1499	1.1846	4.0626	0
4420	1500	1.1854	4.0637	0
4425	1501	1.1862	4.0626	0
4430	1499	1.1846	4.0648	0
4435	1499	1.1846	4.0637	0
4440	1499	1.1846	4.0648	0
4445	1500	1.1854	4.0637	0
4450	1499	1.1846	4.0648	0
4455	1500	1.1854	4.0648	0
4460	1501	1.1862	4.0658	0
4465	1499	1.1846	4.0658	0
4470	1499	1.1846	4.0669	0
4475	1500	1.1854	4.0648	0
4480	1499	1.1846	4.0679	0
4485	1499	1.1846	4.0658	0
4490	1499	1.1846	4.0679	0
4495	1500	1.1854	4.0669	0
4500	1498	1.1838	4.0679	0
4505	1497	1.1831	4.0679	0
4510	1499	1.1846	4.0690	0
4515	1500	1.1854	4.0679	0
4520	1499	1.1846	4.0690	0
4525	1499	1.1846	4.0690	0
4530	1500	1.1854	4.0701	0
4535	1500	1.1854	4.0701	0
4540	1500	1.1854	4.0711	0
4545	1501	1.1862	4.0690	0
4550	1501	1.1862	4.0701	0
4555	1499	1.1846	4.0711	0
4560	1499	1.1846	4.0711	0
4565	1498	1.1838	4.0701	0
4570	1501	1.1862	4.0722	0
4575	1500	1.1854	4.0722	0
4580	1501	1.1862	4.0722	0
4585	1498	1.1838	4.0711	0
4590	1499	1.1846	4.0732	0
4595	1499	1.1846	4.0722	0
4600	1501	1.1862	4.0743	0
4605	1499	1.1846	4.0732	0
4610	1499	1.1846	4.0743	0
4615	1499	1.1846	4.0743	0
4620	1501	1.1862	4.0754	0
4625	1498	1.1838	4.0732	0
4630	1500	1.1854	4.0764	0
4635	1500	1.1854	4.0743	0
4640	1500	1.1854	4.0764	0
4645	1500	1.1854	4.0754	0
4650	1500	1.1854	4.0775	0
4655	1499	1.1846	4.0754	0
4660	1498	1.1838	4.0775	0
4665	1497	1.1831	4.0764	0
4670	1500	1.1854	4.0775	0
4675	1499	1.1846	4.0764	0
4680	1500	1.1854	4.0785	0
4685	1501	1.1862	4.0764	0
4690	1500	1.1854	4.0796	0
4695	1499	1.1846	4.0785	0
4700	1499	1.1846	4.0796	0
4705	1500	1.1854	4.0785	0
4710	1500	1.1854	4.0796	0
4715	1501	1.1862	4.0785	0
4720	1499	1.1846	4.0807	0
4725	1498	1.1838	4.0807	0
4730	1499	1.1846	4.0807	0
4735	1499	1.1846	4.0807	0
4740	1498	1.1838	4.0817	0
4745	1499	1.1846	4.0807	0
4750	1498	1.1838	4.0817	0
4755	1498	1.1838	4.0807	0
4760	1499	1.1846	4.0828	0
4765	1500	1.1854	4.0817	0
4770	1499	1.1846	4.0838	0
4775	1499	1.1846	4.0817	0
4780	1499	1.1846	4.0838	0
4785	1498	1.1838	4.0817	0
4790	1500	1.1854	4.0838	0
4795	1500	1.1854	4.0828	0
4800	1498	1.1838	4.0849	0
4805	1498	1.1838	4.0849	0
4810	1501	1.1862	4.0849	0
4815	1500	1.1854	4.0838	0
4820	1499	1.1846	4.0849	0
4825	1498	1.1838	4.0849	0
4830	1501	1.1862	4.0859	0
4835	1500	1.1854	4.0859	0
4840	1499	1.1846	4.0870	0
4845	1501	1.1862	4.0859	0
4850	1500	1.1854	4.0881	0
4855	1500	1.1854	4.0859	0
4860	1499	1.1846	4.0881	0
4865	1500	1.1854	4.0881	0
4870	1498	1.1838	4.0870	0
4875	1499	1.1846	4.0881	0
4880	1498	1.1838	4.0881	0
4885	1499	1.1846	4.0881	0
4890	1498	1.1838	4.0891	0
4895	1499	1.1846	4.0891	0
4900	1498	1.1838	4.0902	0
4905	1498	1.1838	4.0881	0
4910	1499	1.1846	4.0912	0
4915	1499	1.1846	4.0891	0
4920	1500	1.1854	4.0923	0
4925	1499	1.1846	4.0912	0
4930	1499	1.1846	4.0923	0
4935	1499	1.1846	4.0902	0
4940	1498	1.1838	4.0923	0
4945	1500	1.1854	4.0912	0
4950	1501	1.1862	4.0934	0
4955	1498	1.1838	4.0923	0
4960	1500	1.1854	4.0944	0
4965	1501	1.1862	4.0923	0
4970	1499	1.1846	4.0944	0
4975	1498	1.1838	4.0934	0
4980	1499	1.1846	4.0944	0
4985	1500	1.1854	4.0944	0
4990	1499	1.1846	4.0955	0
4995	1498	1.1838	4.0934	0
5000	1499	1.1846	4.0965	0
5005	1500	1.1854	4.0955	0
5010	1498	1.1838	4.0965	0
5015	1501	1.1862	4.0965	0
5020	1500	1.1854	4.0976	0
5025	1499	1.1846	4.0965	0
5030	1499	1.1846	4.0976	0
5035	1499	1.1846	4.0955	0
5040	1498	1.1838	4.0976	0
5045	1499	1.1846	4.0965	0
5050	1501	1.1862	4.0987	0
5055	1500	1.1854	4.0987	0
5060	1499	1.1846	4.0997	0
5065	1497	1.1831	4.0976	0
5070	1499	1.1846	4.1008	0
5075	1497	1.1831	4.0997	0
5080	1501	1.1862	4.1018	0
5085	1499	1.1846	4.0997	0
5090	1498	1.1838	4.1018	0
5095	1498	1.1838	4.0997	0
5100	1500	1.1854	4.1018	0
5105	1498	1.1838	4.1018	0
5110	1499	1.1846	4.1018	0
5115	1499	1.1846	4.1018	0
5120	1499	1.1846	4.1029	0
5125	1500	1.1854	4.1029	0
5130	1499	1.1846	4.1040	0
5135	1499	1.1846	4.1040	0
5140	1499	1.1846	4.1040	0
5145	1499	1.1846	4.1040	0
5150	1500	1.1854	4.1050	0
5155	1500	1.1854	4.1040	0
5160	1498	1.1838	4.1050	0
5165	1498	1.1838	4.1050	0
5170	1500	1.1854	4.1061	0
5175	1500	1.1854	4.1061	0
5180	1500	1.1854	4.1071	0
5185	1498	1.1838	4.1061	0
5190	1499	1.1846	4.1071	0
5195	1499	1.1846	4.1071	0
5200	1500	1.1854	4.1093	0
5205	1499	1.1846	4.1082	0
5210	1498	1.1838	4.1093	0
5215	1499	1.1846	4.1082	0
5220	1498	1.1838	4.1103	0
5225	1499	1.1846	4.1093	0
5230	1499	1.1846	4.1103	0
5235	1499	1.1846	4.1103	0
5240	1499	1.1846	4.1114	0
5245	1497	1.1831	4.1114	0
5250	1498	1.1838	4.1114	0
5255	1498	1.1838	4.1103	0
5260	1498	1.1838	4.1124	0
5265	1496	1.1823	4.1124	0
5270	1495	1.1815	4.1135	0
5275	1495	1.1815	4.1124	0
5280	1495	1.1815	4.1135	0
5285	1492	1.1791	4.1124	0
5290	1492	1.1791	4.1146	0
5295	1492	1.1791	4.1135	0
5300	1491	1.1783	4.1156	0
5305	1491	1.1783	4.1146	0
5310	1489	1.1767	4.1156	0
5315	1488	1.1759	4.1146	0
5320	1488	1.1759	4.1167	0
5325	1487	1.1752	4.1156	0
5330	1487	1.1752	4.1167	0
5335	1485	1.1736	4.1156	0
5340	1484	1.1728	4.1177	0
5345	1483	1.1720	4.1167	0
5350	1482	1.1712	4.1188	0
5355	1481	1.1704	4.1188	0
5360	1481	1.1704	4.1188	0
5365	1479	1.1688	4.1188	0
5370	1479	1.1688	4.1209	0
5375	1477	1.1672	4.1188	0
5380	1477	1.1672	4.1198	0
5385	1476	1.1665	4.1198	0
5390	1476	1.1665	4.1209	0
5395	1474	1.1649	4.1198	0
5400	1474	1.1649	4.1220	0
5405	1472	1.1633	4.1209	0
5410	1471	1.1625	4.1220	0
5415	1470	1.1617	4.1209	0
5420	1469	1.1609	4.1220	0
5425	1469	1.1609	4.1220	0
5430	1467	1.1593	4.1220	0
5435	1467	1.1593	4.1220	0
5440	1466	1.1586	4.1251	0
5445	1464	1.1570	4.1220	0
5450	1463	1.1562	4.1241	0
5455	1463	1.1562	4.1241	0
5460	1463	1.1562	4.1262	0
5465	1461	1.1546	4.1241	0
5470	1459	1.1530	4.1262	0
5475	1458	1.1522	4.1241	0
5480	1458	1.1522	4.1262	0
5485	1456	1.1507	4.1262	0
5490	1456	1.1507	4.1283	0
5495	1454	1.1491	4.1273	0
5500	1453	1.1483	4.1273	0
5505	1452	1.1475	4.1273	0
5510	1451	1.1467	4.1294	0
5515	1450	1.1459	4.1273	0
5520	1447	1.1435	4.1304	0
5525	1448	1.1443	4.1283	0
5530	1449	1.1451	4.1304	0
5535	1445	1.1420	4.1294	0
5540	1445	1.1420	4.1304	0
5545	1443	1.1404	4.1304	0
5550	1442	1.1396	4.1315	0
5555	1440	1.1380	4.1326	0
5560	1441	1.1388	4.1326	0
5565	1439	1.1372	4.1326	0
5570	1437	1.1356	4.1326	0
5575	1437	1.1356	4.1326	0
5580	1435	1.1341	4.1347	0
5585	1434	1.1333	4.1326	0
5590	1433	1.1325	4.1347	0
5595	1432	1.1317	4.1347	0
5600	1431	1.1309	4.1347	0
5605	1429	1.1293	4.1336	0
5610	1428	1.1285	4.1357	0
5615	1427	1.1277	4.1347	0
5620	1426	1.1269	4.1368	0
5625	1425	1.1262	4.1357	0
5630	1422	1.1238	4.1389	0
5635	1421	1.1230	4.1368	0
5640	1420	1.1222	4.1379	0
5645	1420	1.1222	4.1379	0
5650	1418	1.1206	4.1389	0
5655	1417	1.1198	4.1379	0
5660	1416	1.1190	4.1400	0
5665	1413	1.1167	4.1400	0
5670	1414	1.1175	4.1410	0
5675	1411	1.1151	4.1400	0
5680	1411	1.1151	4.1421	0
5685	1410	1.1143	4.1400	0
5690	1407	1.1119	4.1421	0
5695	1407	1.1119	4.1410	0
5700	1406	1.1111	4.1421	0
5705	1405	1.1103	4.1421	0
5710	1402	1.1080	4.1432	0
5715	1401	1.1072	4.1421	0
5720	1402	1.1080	4.1432	0
5725	1399	1.1056	4.1432	0
5730	1397	1.1040	4.1442	0
5735	1396	1.1032	4.1432	0
5740	1396	1.1032	4.1453	0
5745	1394	1.1017	4.1453	0
5750	1392	1.1001	4.1463	0
5755	1389	1.0977	4.1453	0
5760	1389	1.0977	4.1463	0
5765	1386	1.0953	4.1453	0
5770	1387	1.0961	4.1474	0
5775	1385	1.0945	4.1463	0
5780	1384	1.0938	4.1474	0
5785	1382	1.0922	4.1474	0
5790	1381	1.0914	4.1495	0
5795	1379	1.0898	4.1485	0
5800	1376	1.0874	4.1495	0
5805	1377	1.0882	4.1485	0
5810	1376	1.0874	4.1506	0
5815	1375	1.0866	4.1495	0
5820	1372	1.0843	4.1506	0
5825	1370	1.0827	4.1506	0
5830	1370	1.0827	4.1506	0
5835	1368	1.0811	4.1506	0
5840	1367	1.0803	4.1527	0
5845	1365	1.0787	4.1516	0
5850	1363	1.0772	4.1537	0
5855	1363	1.0772	4.1527	0
5860	1361	1.0756	4.1548	0
5865	1359	1.0740	4.1527	0
5870	1358	1.0732	4.1548	0
5875	1356	1.0716	4.1527	0
5880	1357	1.0724	4.1548	0
5885	1356	1.0716	4.1537	0
5890	1352	1.0685	4.1559	0
5895	1352	1.0685	4.1548	0
5900	1348	1.0653	4.1569	0
5905	1348	1.0653	4.1559	0
5910	1346	1.0637	4.1559	0
5915	1345	1.0629	4.1559	0
5920	1344	1.0621	4.1569	0
5925	1342	1.0606	4.1580	0
5930	1341	1.0598	4.1580	0
5935	1339	1.0582	4.1569	0
5940	1337	1.0566	4.1590	0
5945	1338	1.0574	4.1569	0
5950	1334	1.0542	4.1601	0
5955	1334	1.0542	4.1590	0
5960	1333	1.0534	4.1601	0
5965	1329	1.0503	4.1601	0
5970	1329	1.0503	4.1612	0
5975	1328	1.0495	4.1590	0
5980	1327	1.0487	4.1612	0
5985	1326	1.0479	4.1612	0
5990	1324	1.0463	4.1612	0
5995	1321	1.0440	4.1612	0
6000	1320	1.0432	4.1622	0
6005	1318	1.0416	4.1612	0
6010	1317	1.0408	4.1622	0
6015	1316	1.0400	4.1622	0
6020	1316	1.0400	4.1643	0
6025	1312	1.0369	4.1622	0
6030	1310	1.0353	4.1633	0
6035	1308	1.0337	4.1633	0
6040	1308	1.0337	4.1643	0
6045	1307	1.0329	4.1622	0
6050	1305	1.0313	4.1643	0
6055	1303	1.0297	4.1633	0
6060	1302	1.0289	4.1654	0
6065	1299	1.0266	4.1654	0
6070	1299	1.0266	4.1665	0
6075	1299	1.0266	4.1654	0
6080	1296	1.0242	4.1654	0
6085	1294	1.0226	4.1643	0
6090	1294	1.0226	4.1675	0
6095	1292	1.0210	4.1665	0
6100	1290	1.0195	4.1665	0
6105	1289	1.0187	4.1675	0
6110	1287	1.0171	4.1675	0
6115	1286	1.0163	4.1665	0
6120	1283	1.0139	4.1675	0
6125	1282	1.0131	4.1665	0
6130	1282	1.0131	4.1686	0
6135	1278	1.0100	4.1686	0
6140	1279	1.0108	4.1686	0
6145	1279	1.0108	4.1675	0
6150	1275	1.0076	4.1707	0
6155	1275	1.0076	4.1686	0
6160	1275	1.0076	4.1696	0
6165	1270	1.0037	4.1686	0
6170	1269	1.0029	4.1707	0
6175	1268	1.0021	4.1686	0
6180	1266	1.0005	4.1707	0
6185	1262	0.9973	4.1696	0
6190	1264	0.9989	4.1718	0
6195	1261	0.9965	4.1696	0
6200	1260	0.9958	4.1707	0
6205	1257	0.9934	4.1696	0
6210	1257	0.9934	4.1707	0
6215	1254	0.9910	4.1696	0
6220	1255	0.9918	4.1718	0
6225	1252	0.9894	4.1707	0
6230	1251	0.9886	4.1728	0
6235	1252	0.9894	4.1707	0
6240	1249	0.9871	4.1718	0
6245	1247	0.9855	4.1707	0
6250	1245	0.9839	4.1728	0
6255	1244	0.9831	4.1718	0
6260	1244	0.9831	4.1739	0
6265	1239	0.9792	4.1718	0
6270	1241	0.9807	4.1739	0
6275	1238	0.9784	4.1718	0
6280	1238	0.9784	4.1739	0
6285	1235	0.9760	4.1728	0
6290	1235	0.9760	4.1728	0
6295	1231	0.9728	4.1728	0
6300	1230	0.9720	4.1749	0
6305	1230	0.9720	4.1728	0
6310	1226	0.9689	4.1739	0
6315	1226	0.9689	4.1728	0
6320	1225	0.9681	4.1749	0
6325	1222	0.9657	4.1728	0
6330	1222	0.9657	4.1739	0
6335	1221	0.9649	4.1739	0
6340	1218	0.9626	4.1749	0
6345	1218	0.9626	4.1739	0
6350	1216	0.9610	4.1749	0
6355	1213	0.9586	4.1739	0
6360	1213	0.9586	4.1760	0
6365	1211	0.9570	4.1739	0
6370	1211	0.9570	4.1760	0
6375	1210	0.9562	4.1739	0
6380	1208	0.9547	4.1749	0
6385	1204	0.9515	4.1739	0
6390	1205	0.9523	4.1760	0
6395	1204	0.9515	4.1749	0
6400	1204	0.9515	4.1760	0
6405	1200	0.9483	4.1739	0
6410	1199	0.9475	4.1760	0
6415	1197	0.9460	4.1760	0
6420	1195	0.9444	4.1760	0
6425	1193	0.9428	4.1749	0
6430	1194	0.9436	4.1771	0
6435	1191	0.9412	4.1749	0
6440	1190	0.9404	4.1760	0
6445	1188	0.9389	4.1760	0
6450	1186	0.9373	4.1771	0
6455	1186	0.9373	4.1749	0
6460	1186	0.9373	4.1781	0
6465	1183	0.9349	4.1760	0
6470	1182	0.9341	4.1781	0
6475	1180	0.9325	4.1760	0
6480	1178	0.9310	4.1771	0
6485	1178	0.9310	4.1760	0
6490	1175	0.9286	4.1771	0
6495	1174	0.9278	4.1771	0
6500	1172	0.9262	4.1781	0
6505	1172	0.9262	4.1771	0
6510	1170	0.9246	4.1792	0
6515	1168	0.9231	4.1771	0
6520	1165	0.9207	4.1781	0
6525	1166	0.9215	4.1771	0
6530	1164	0.9199	4.1781	0
6535	1163	0.9191	4.1771	0
6540	1162	0.9183	4.1792	0
6545	1160	0.9167	4.1771	0
6550	1158	0.9151	4.1781	0
6555	1158	0.9151	4.1771	0
6560	1154	0.9120	4.1792	0
6565	1154	0.9120	4.1781	0
6570	1153	0.9112	4.1792	0
6575	1151	0.9096	4.1771	0
6580	1150	0.9088	4.1781	0
6585	1148	0.9072	4.1781	0
6590	1147	0.9065	4.1781	0
6595	1145	0.9049	4.1781	0
6600	1143	0.9033	4.1792	0
6605	1141	0.9017	4.1771	0
6610	1141	0.9017	4.1792	0
6615	1139	0.9001	4.1771	0
6620	1138	0.8993	4.1792	0
6625	1137	0.8986	4.1792	0
6630	1136	0.8978	4.1792	0
6635	1133	0.8954	4.1781	0
6640	1131	0.8938	4.1792	0
6645	1130	0.8930	4.1792	0
6650	1130	0.8930	4.1792	0
6655	1127	0.8906	4.1792	0
6660	1125	0.8891	4.1802	0
6665	1125	0.8891	4.1781	0
6670	1124	0.8883	4.1792	0
6675	1121	0.8859	4.1781	0
6680	1121	0.8859	4.1802	0
6685	1119	0.8843	4.1781	0
6690	1117	0.8827	4.1802	0
6695	1116	0.8820	4.1792	0
6700	1113	0.8796	4.1802	0
6705	1112	0.8788	4.1792	0
6710	1112	0.8788	4.1813	0
6715	1110	0.8772	4.1792	0
6720	1108	0.8756	4.1802	0
6725	1106	0.8741	4.1792	0
6730	1103	0.8717	4.1802	0
6735	1102	0.8709	4.1792	0
6740	1103	0.8717	4.1802	0
6745	1100	0.8693	4.1781	0
6750	1101	0.8701	4.1802	0
6755	1097	0.8669	4.1781	0
6760	1096	0.8662	4.1802	0
6765	1094	0.8646	4.1792	0
6770	1092	0.8630	4.1802	0
6775	1091	0.8622	4.1792	0
6780	1090	0.8614	4.1802	0
6785	1088	0.8598	4.1802	0
6790	1086	0.8582	4.1813	0
6795	1086	0.8582	4.1802	0
6800	1084	0.8567	4.1802	0
6805	1083	0.8559	4.1802	0
6810	1081	0.8543	4.1813	0
6815	1080	0.8535	4.1802	0
6820	1079	0.8527	4.1813	0
6825	1077	0.8511	4.1802	0
6830	1076	0.8503	4.1813	0
6835	1073	0.8480	4.1802	0
6840	1073	0.8480	4.1813	0
6845	1071	0.8464	4.1802	0
6850	1070	0.8456	4.1813	0
6855	1067	0.8432	4.1802	0
6860	1066	0.8424	4.1824	0
6865	1064	0.8409	4.1802	0
6870	1063	0.8401	4.1824	0
6875	1061	0.8385	4.1802	0
6880	1062	0.8393	4.1813	0
6885	1058	0.8361	4.1802	0
6890	1057	0.8353	4.1802	0
6895	1056	0.8345	4.1802	0
6900	1055	0.8337	4.1813	0
6905	1053	0.8322	4.1802	0
6910	1052	0.8314	4.1824	0
6915	1050	0.8298	4.1802	0
6920	1048	0.8282	4.1824	0
6925	1048	0.8282	4.1802	0
6930	1046	0.8266	4.1813	0
6935	1044	0.8251	4.1813	0
6940	1044	0.8251	4.1824	0
6945	1041	0.8227	4.1802	0
6950	1040	0.8219	4.1824	0
6955	1039	0.8211	4.1802	0
6960	1039	0.8211	4.1834	0
6965	1036	0.8187	4.1813	0
6970	1035	0.8179	4.1824	0
6975	1033	0.8164	4.1813	0
6980	1032	0.8156	4.1824	0
6985	1030	0.8140	4.1824	0
6990	1029	0.8132	4.1813	0
6995	1027	0.8116	4.1813	0
7000	1026	0.8108	4.1824	0
7005	1023	0.8085	4.1813	0
7010	1023	0.8085	4.1824	0
7015	1021	0.8069	4.1813	0
7020	1020	0.8061	4.1813	0
7025	1018	0.8045	4.1813	0
7030	1017	0.8037	4.1824	0
7035	1016	0.8029	4.1824	0
7040	1014	0.8013	4.1824	0
7045	1010	0.7982	4.1813	0
7050	1010	0.7982	4.1824	0
7055	1010	0.7982	4.1824	0
7060	1008	0.7966	4.1834	0
7065	1006	0.7950	4.1813	0
7070	1003	0.7927	4.1824	0
7075	1003	0.7927	4.1813	0
7080	1002	0.7919	4.1824	0
7085	1000	0.7903	4.1834	0
7090	999	0.7895	4.1834	0
7095	997	0.7879	4.1813	0
7100	997	0.7879	4.1834	0
7105	994	0.7855	4.1813	0
7110	993	0.7848	4.1824	0
7115	992	0.7840	4.1824	0
7120	990	0.7824	4.1824	0
7125	990	0.7824	4.1824	0
7130	988	0.7808	4.1834	0
7135	985	0.7784	4.1824	0
7140	984	0.7776	4.1834	0
7145	981	0.7753	4.1824	0
7150	982	0.7761	4.1824	0
7155	979	0.7737	4.1824	0
7160	976	0.7713	4.1834	0
7165	976	0.7713	4.1824	0
7170	974	0.7697	4.1834	0
7175	974	0.7697	4.1813	0
7180	972	0.7682	4.1834	0
7185	970	0.7666	4.1824	0
7190	970	0.7666	4.1834	0
7195	968	0.7650	4.1834	0
7200	966	0.7634	4.1845	0
7205	965	0.7626	4.1824	0
7210	963	0.7610	4.1834	0
7215	960	0.7587	4.1824	0
7220	960	0.7587	4.1834	0
7225	957	0.7563	4.1824	0
7230	958	0.7571	4.1834	0
7235	955	0.7547	4.1834	0
7240	954	0.7539	4.1845	0
7245	952	0.7523	4.1834	0
7250	952	0.7523	4.1834	0
7255	949	0.7500	4.1824	0
7260	947	0.7484	4.1845	0
7265	948	0.7492	4.1824	0
7270	945	0.7468	4.1834	0
7275	943	0.7452	4.1824	0
7280	942	0.7444	4.1834	0
7285	940	0.7429	4.1834	0
7290	940	0.7429	4.1845	0
7295	937	0.7405	4.1834	0
7300	936	0.7397	4.1834	0
7305	935	0.7389	4.1845	0
7310	933	0.7373	4.1834	0
7315	931	0.7358	4.1824	0
7320	931	0.7358	4.1845	0
7325	928	0.7334	4.1824	0
7330	928	0.7334	4.1845	0
7335	926	0.7318	4.1834	0
7340	925	0.7310	4.1834	0
7345	923	0.7294	4.1834	0
7350	922	0.7286	4.1845	0
7355	920	0.7271	4.1845	0
7360	919	0.7263	4.1845	0
7365	917	0.7247	4.1834	0
7370	916	0.7239	4.1845	0
7375	913	0.7215	4.1834	0
7380	912	0.7207	4.1845	0
7385	910	0.7192	4.1834	0
7390	909	0.7184	4.1845	0
7395	907	0.7168	4.1845	0
7400	906	0.7160	4.1855	0
7405	904	0.7144	4.1834	0
7410	903	0.7136	4.1855	0
7415	902	0.7128	4.1834	0
7420	900	0.7113	4.1855	0
7425	898	0.7097	4.1845	0
7430	898	0.7097	4.1845	0
7435	896	0.7081	4.1845	0
7440	894	0.7065	4.1855	0
7445	892	0.7049	4.1845	0
7450	891	0.7041	4.1855	0
7455	889	0.7026	4.1866	0
7460	888	0.7018	4.1855	0
7465	886	0.7002	4.1845	0
7470	884	0.6986	4.1855	0
7475	885	0.6994	4.1845	0
7480	882	0.6970	4.1855	0
7485	880	0.6954	4.1845	0
7490	879	0.6947	4.1855	0
7495	877	0.6931	4.1845	0
7500	876	0.6923	4.1845	0
7505	874	0.6907	4.1845	0
7510	872	0.6891	4.1866	0
7515	870	0.6875	4.1855	0
7520	870	0.6875	4.1845	0
7525	868	0.6860	4.1855	0
7530	868	0.6860	4.1855	0
7535	864	0.6828	4.1845	0
7540	863	0.6820	4.1855	0
7545	862	0.6812	4.1845	0
7550	860	0.6796	4.1866	0
7555	858	0.6781	4.1845	0
7560	858	0.6781	4.1855	0
7565	856	0.6765	4.1855	0
7570	855	0.6757	4.1866	0
7575	853	0.6741	4.1855	0
7580	852	0.6733	4.1855	0
7585	848	0.6702	4.1855	0
7590	847	0.6694	4.1876	0
7595	848	0.6702	4.1845	0
7600	846	0.6686	4.1866	0
7605	844	0.6670	4.1845	0
7610	842	0.6654	4.1866	0
7615	842	0.6654	4.1845	0
7620	840	0.6638	4.1866	0
7625	836	0.6607	4.1855	0
7630	835	0.6599	4.1866	0
7635	832	0.6575	4.1855	0
7640	832	0.6575	4.1866	0
7645	830	0.6559	4.1855	0
7650	829	0.6551	4.1866	0
7655	827	0.6536	4.1855	0
7660	826	0.6528	4.1866	0
7665	826	0.6528	4.1855	0
7670	825	0.6520	4.1876	0
7675	822	0.6496	4.1855	0
7680	821	0.6488	4.1866	0
7685	818	0.6465	4.1855	0
7690	817	0.6457	4.1866	0
7695	815	0.6441	4.1866	0
7700	814	0.6433	4.1866	0
7705	813	0.6425	4.1866	0
7710	811	0.6409	4.1876	0
7715	809	0.6393	4.1866	0
7720	809	0.6393	4.1866	0
7725	806	0.6370	4.1855	0
7730	804	0.6354	4.1876	0
7735	804	0.6354	4.1855	0
7740	802	0.6338	4.1876	0
7745	800	0.6322	4.1866	0
7750	799	0.6314	4.1876	0
7755	798	0.6306	4.1866	0
7760	797	0.6299	4.1876	0
7765	795	0.6283	4.1866	0
7770	793	0.6267	4.1876	0
7775	792	0.6259	4.1855	0
7780	790	0.6243	4.1876	0
7785	787	0.6220	4.1855	0
7790	786	0.6212	4.1876	0
7795	786	0.6212	4.1855	0
7800	785	0.6204	4.1876	0
7805	782	0.6180	4.1876	0
7810	782	0.6180	4.1866	0
7815	781	0.6172	4.1855	0
7820	779	0.6156	4.1876	0
7825	777	0.6141	4.1866	0
7830	775	0.6125	4.1876	0
7835	773	0.6109	4.1866	0
7840	774	0.6117	4.1876	0
7845	770	0.6085	4.1866	0
7850	770	0.6085	4.1876	0
7855	768	0.6069	4.1876	0
7860	766	0.6054	4.1887	0
7865	764	0.6038	4.1876	0
7870	765	0.6046	4.1887	0
7875	761	0.6014	4.1866	0
7880	761	0.6014	4.1887	0
7885	757	0.5982	4.1866	0
7890	759	0.5998	4.1887	0
7895	756	0.5975	4.1866	0
7900	754	0.5959	4.1887	0
7905	753	0.5951	4.1866	0
7910	751	0.5935	4.1887	0
7915	750	0.5927	4.1866	0
7920	749	0.5919	4.1887	0
7925	748	0.5911	4.1876	0
7930	746	0.5896	4.1887	0
7935	744	0.5880	4.1866	0
7940	743	0.5872	4.1887	0
7945	739	0.5840	4.1876	0
7950	739	0.5840	4.1887	0
7955	738	0.5832	4.1876	0
7960	736	0.5816	4.1898	0
7965	735	0.5809	4.1866	0
7970	734	0.5801	4.1887	0
7975	731	0.5777	4.1887	0
7980	730	0.5769	4.1887	0
7985	729	0.5761	4.1876	0
7990	728	0.5753	4.1887	0
7995	725	0.5730	4.1876	0
8000	724	0.5722	4.1898	0
8005	722	0.5706	4.1876	0
8010	720	0.5690	4.1887	0
8015	721	0.5698	4.1876	0
8020	719	0.5682	4.1887	0
8025	716	0.5658	4.1866	0
8030	716	0.5658	4.1898	0
8035	713	0.5635	4.1887	0
8040	712	0.5627	4.1898	0
8045	710	0.5611	4.1887	0
8050	709	0.5603	4.1898	0
8055	707	0.5587	4.1887	0
8060	705	0.5571	4.1887	0
8065	705	0.5571	4.1876	0
8070	703	0.5556	4.1898	0
8075	702	0.5548	4.1887	0
8080	700	0.5532	4.1898	0
8085	700	0.5532	4.1887	0
8090	698	0.5516	4.1898	0
8095	695	0.5492	4.1887	0
8100	695	0.5492	4.1898	0
8105	693	0.5477	4.1876	0
8110	692	0.5469	4.1898	0
8115	691	0.5461	4.1887	0
8120	689	0.5445	4.1887	0
8125	686	0.5421	4.1887	0
8130	686	0.5421	4.1898	0
8135	683	0.5398	4.1887	0
8140	682	0.5390	4.1908	0
8145	681	0.5382	4.1887	0
8150	680	0.5374	4.1898	0
8155	678	0.5358	4.1887	0
8160	678	0.5358	4.1908	0
8165	675	0.5334	4.1887	0
8170	674	0.5327	4.1898	0
8175	672	0.5311	4.1887	0
8180	671	0.5303	4.1908	0
8185	669	0.5287	4.1898	0
8190	667	0.5271	4.1908	0
8195	666	0.5263	4.1887	0
8200	664	0.5247	4.1898	0
8205	662	0.5232	4.1887	0
8210	663	0.5240	4.1908	0
8215	661	0.5224	4.1887	0
8220	659	0.5208	4.1898	0
8225	659	0.5208	4.1898	0
8230	657	0.5192	4.1908	0
8235	655	0.5176	4.1898	0
8240	652	0.5153	4.1908	0
8245	652	0.5153	4.1898	0
8250	650	0.5137	4.1908	0
8255	648	0.5121	4.1898	0
8260	647	0.5113	4.1919	0
8265	646	0.5105	4.1898	0
8270	645	0.5097	4.1908	0
8275	642	0.5074	4.1887	0
8280	641	0.5066	4.1898	0
8285	640	0.5058	4.1898	0
8290	639	0.5050	4.1908	0
8295	638	0.5042	4.1898	0
8300	636	0.5026	4.1908	0
8305	633	0.5002	4.1898	0
8310	632	0.4995	4.1908	0
8315	630	0.4979	4.1898	0
8320	629	0.4971	4.1898	0
8325	627	0.4955	4.1898	0
8330	627	0.4955	4.1919	0
8335	626	0.4947	4.1898	0
8340	623	0.4923	4.1908	0
8345	622	0.4916	4.1898	0
8350	623	0.4923	4.1908	0
8355	619	0.4892	4.1898	0
8360	618	0.4884	4.1908	0
8365	617	0.4876	4.1908	0
8370	616	0.4868	4.1908	0
8375	614	0.4852	4.1898	0
8380	612	0.4837	4.1919	0
8385	611	0.4829	4.1908	0
8390	608	0.4805	4.1919	0
8395	608	0.4805	4.1898	0
8400	608	0.4805	4.1908	0
8405	603	0.4765	4.1898	0
8410	603	0.4765	4.1929	0
8415	602	0.4758	4.1908	0
8420	600	0.4742	4.1919	0
8425	600	0.4742	4.1908	0
8430	599	0.4734	4.1919	0
8435	596	0.4710	4.1898	0
8440	596	0.4710	4.1929	0
8445	593	0.4686	4.1908	0
8450	593	0.4686	4.1919	0
8455	591	0.4671	4.1898	0
8460	591	0.4671	4.1929	0
8465	589	0.4655	4.1908	0
8470	586	0.4631	4.1919	0
8475	583	0.4607	4.1908	0
8480	584	0.4615	4.1919	0
8485	582	0.4599	4.1908	0
8490	583	0.4607	4.1929	0
8495	580	0.4584	4.1908	0
8500	580	0.4584	4.1919	0
8505	577	0.4560	4.1908	0
8510	576	0.4552	4.1919	0
8515	575	0.4544	4.1908	0
8520	574	0.4536	4.1919	0
8525	571	0.4513	4.1908	0
8530	571	0.4513	4.1929	0
8535	567	0.4481	4.1919	0
8540	567	0.4481	4.1929	0
8545	566	0.4473	4.1919	0
8550	564	0.4457	4.1929	0
8555	564	0.4457	4.1908	0
8560	562	0.4441	4.1929	0
8565	561	0.4433	4.1908	0
8570	560	0.4426	4.1940	0
8575	557	0.4402	4.1908	0
8580	556	0.4394	4.1929	0
8585	555	0.4386	4.1919	0
8590	553	0.4370	4.1940	0
8595	551	0.4354	4.1919	0
8600	550	0.4347	4.1929	0
8605	548	0.4331	4.1919	0
8610	548	0.4331	4.1929	0
8615	547	0.4323	4.1908	0
8620	545	0.4307	4.1929	0
8625	544	0.4299	4.1919	0
8630	543	0.4291	4.1929	0
8635	541	0.4275	4.1919	0
8640	541	0.4275	4.1929	0
8645	537	0.4244	4.1919	0
8650	537	0.4244	4.1940	0
8655	537	0.4244	4.1919	0
8660	535	0.4228	4.1929	0
8665	534	0.4220	4.1919	0
8670	533	0.4212	4.1929	0
8675	530	0.4189	4.1919	0
8680	530	0.4189	4.1940	0
8685	528	0.4173	4.1919	0
8690	526	0.4157	4.1940	0
8695	525	0.4149	4.1908	0
8700	525	0.4149	4.1929	0
8705	522	0.4125	4.1929	0
8710	522	0.4125	4.1929	0
8715	520	0.4109	4.1929	0
8720	518	0.4094	4.1940	0
8725	518	0.4094	4.1919	0
8730	516	0.4078	4.1940	0
8735	515	0.4070	4.1929	0
8740	514	0.4062	4.1940	0
8745	513	0.4054	4.1929	0
8750	513	0.4054	4.1940	0
8755	512	0.4046	4.1929	0
8760	511	0.4038	4.1951	0
8765	511	0.4038	4.1929	0
8770	511	0.4038	4.1940	0
8775	510	0.4030	4.1929	0
8780	510	0.4030	4.1940	0
8785	510	0.4030	4.1919	0
8790	508	0.4015	4.1951	0
8795	508	0.4015	4.1929	0
8800	507	0.4007	4.1940	0
8805	505	0.3991	4.1929	0
8810	504	0.3983	4.1951	0
8815	504	0.3983	4.1940	0
8820	502	0.3967	4.1951	0
8825	501	0.3959	4.1929	0
8830	499	0.3944	4.1940	0
8835	499	0.3944	4.1929	0
8840	498	0.3936	4.1951	0
8845	496	0.3920	4.1929	0
8850	496	0.3920	4.1940	0
8855	492	0.3888	4.1929	0
8860	493	0.3896	4.1951	0
8865	492	0.3888	4.1929	0
8870	489	0.3864	4.1951	0
8875	489	0.3864	4.1929	0
8880	488	0.3857	4.1940	0
8885	487	0.3849	4.1929	0
8890	485	0.3833	4.1940	0
8895	484	0.3825	4.1929	0
8900	482	0.3809	4.1940	0
8905	479	0.3785	4.1940	0
8910	479	0.3785	4.1951	0
8915	477	0.3770	4.1940	0
8920	478	0.3778	4.1961	0
8925	476	0.3762	4.1940	0
8930	476	0.3762	4.1951	0
8935	473	0.3738	4.1940	0
8940	473	0.3738	4.1951	0
8945	472	0.3730	4.1951	0
8950	470	0.3714	4.1951	0
8955	469	0.3706	4.1940	0
8960	469	0.3706	4.1951	0
8965	466	0.3683	4.1940	0
8970	465	0.3675	4.1940	0
8975	464	0.3667	4.1940	0
8980	464	0.3667	4.1951	0
8985	462	0.3651	4.1940	0
8990	462	0.3651	4.1951	0
8995	459	0.3627	4.1951	0
9000	458	0.3619	4.1961	0
9005	456	0.3604	4.1940	0
9010	457	0.3612	4.1961	0
9015	453	0.3580	4.1940	0
9020	454	0.3588	4.1961	0
9025	452	0.3572	4.1940	0
9030	451	0.3564	4.1961	0
9035	451	0.3564	4.1940	0
9040	447	0.3533	4.1961	0
9045	448	0.3540	4.1951	0
9050	447	0.3533	4.1951	0
9055	445	0.3517	4.1940	0
9060	445	0.3517	4.1961	0
9065	443	0.3501	4.1951	0
9070	442	0.3493	4.1961	0
9075	440	0.3477	4.1951	0
9080	440	0.3477	4.1961	0
9085	439	0.3469	4.1951	0
9090	437	0.3454	4.1961	0
9095	436	0.3446	4.1961	0
9100	434	0.3430	4.1951	0
9105	434	0.3430	4.1951	0
9110	432	0.3414	4.1951	0
9115	431	0.3406	4.1961	0
9120	430	0.3398	4.1951	0
9125	428	0.3382	4.1951	0
9130	428	0.3382	4.1961	0
9135	428	0.3382	4.1951	0
9140	428	0.3382	4.1961	0
9145	425	0.3359	4.1940	0
9150	424	0.3351	4.1972	0
9155	423	0.3343	4.1951	0
9160	423	0.3343	4.1961	0
9165	421	0.3327	4.1951	0
9170	419	0.3311	4.1961	0
9175	417	0.3295	4.1951	0
9180	417	0.3295	4.1972	0
9185	415	0.3280	4.1951	0
9190	416	0.3288	4.1961	0
9195	414	0.3272	4.1961	0
9200	413	0.3264	4.1961	0
9205	411	0.3248	4.1951	0
9210	411	0.3248	4.1972	0
9215	409	0.3232	4.1951	0
9220	409	0.3232	4.1961	0
9225	407	0.3216	4.1951	0
9230	406	0.3209	4.1972	0
9235	406	0.3209	4.1951	0
9240	404	0.3193	4.1982	0
9245	402	0.3177	4.1961	0
9250	403	0.3185	4.1972	0
9255	401	0.3169	4.1961	0
9260	400	0.3161	4.1982	0
9265	399	0.3153	4.1961	0
9270	398	0.3145	4.1972	0
9275	396	0.3130	4.1961	0
9280	395	0.3122	4.1972	0
9285	395	0.3122	4.1961	0
9290	394	0.3114	4.1972	0
9295	393	0.3106	4.1961	0
9300	392	0.3098	4.1961	0
9305	390	0.3082	4.1961	0
9310	389	0.3074	4.1972	0
9315	388	0.3066	4.1961	0
9320	388	0.3066	4.1972	0
9325	386	0.3050	4.1951	0
9330	385	0.3043	4.1972	0
9335	385	0.3043	4.1961	0
9340	384	0.3035	4.1972	0
9345	382	0.3019	4.1961	0
9350	380	0.3003	4.1972	0
9355	380	0.3003	4.1961	0
9360	379	0.2995	4.1972	0
9365	377	0.2979	4.1972	0
9370	377	0.2979	4.1972	0
9375	375	0.2964	4.1961	0
9380	375	0.2964	4.1972	0
9385	374	0.2956	4.1961	0
9390	373	0.2948	4.1972	0
9395	372	0.2940	4.1961	0
9400	371	0.2932	4.1982	0
9405	369	0.2916	4.1951	0
9410	368	0.2908	4.1972	0
9415	367	0.2900	4.1961	0
9420	367	0.2900	4.1972	0
9425	366	0.2892	4.1961	0
9430	364	0.2877	4.1972	0
9435	365	0.2885	4.1961	0
9440	361	0.2853	4.1982	0
9445	362	0.2861	4.1961	0
9450	361	0.2853	4.1982	0
9455	360	0.2845	4.1961	0
9460	358	0.2829	4.1972	0
9465	359	0.2837	4.1972	0
9470	357	0.2821	4.1982	0
9475	356	0.2813	4.1972	0
9480	355	0.2806	4.1982	0
9485	354	0.2798	4.1972	0
9490	352	0.2782	4.1982	0
9495	352	0.2782	4.1972	0
9500	351	0.2774	4.1982	0
9505	351	0.2774	4.1972	0
9510	349	0.2758	4.1982	0
9515	349	0.2758	4.1982	0
9520	348	0.2750	4.1972	0
9525	346	0.2734	4.1982	0
9530	344	0.2719	4.1982	0
9535	346	0.2734	4.1961	0
9540	343	0.2711	4.1982	0
9545	344	0.2719	4.1972	0
9550	343	0.2711	4.1982	0
9555	341	0.2695	4.1961	0
9560	339	0.2679	4.1993	0
9565	339	0.2679	4.1961	0
9570	337	0.2663	4.1993	0
9575	335	0.2647	4.1972	0
9580	335	0.2647	4.1982	0
9585	335	0.2647	4.1972	0
9590	334	0.2640	4.1982	0
9595	333	0.2632	4.1972	0
9600	332	0.2624	4.1993	0
9605	333	0.2632	4.1972	0
9610	331	0.2616	4.1982	0
9615	331	0.2616	4.1972	0
9620	329	0.2600	4.1993	0
9625	328	0.2592	4.1961	0
9630	327	0.2584	4.1982	0
9635	326	0.2576	4.1982	0
9640	326	0.2576	4.1993	0
9645	325	0.2568	4.1972	0
9650	324	0.2561	4.1982	0
9655	322	0.2545	4.1982	0
9660	322	0.2545	4.2004	0
9665	321	0.2537	4.1972	0
9670	320	0.2529	4.1982	0
9675	319	0.2521	4.1972	0
9680	318	0.2513	4.1982	0
9685	317	0.2505	4.1972	0
9690	317	0.2505	4.1982	0
9695	317	0.2505	4.1972	0
9700	316	0.2497	4.1982	0
9705	314	0.2481	4.1972	0
9710	313	0.2474	4.1982	0
9715	311	0.2458	4.1993	0
9720	312	0.2466	4.1993	0
9725	310	0.2450	4.1982	0
9730	308	0.2434	4.1982	0
9735	308	0.2434	4.1982	0
9740	309	0.2442	4.1993	0
9745	307	0.2426	4.1982	0
9750	307	0.2426	4.1982	0
9755	306	0.2418	4.1972	0
9760	305	0.2410	4.1993	0
9765	303	0.2395	4.1972	0
9770	303	0.2395	4.1993	0
9775	303	0.2395	4.1972	0
9780	301	0.2379	4.1993	0
9785	299	0.2363	4.1982	0
9790	299	0.2363	4.1993	0
9795	300	0.2371	4.1982	0
9800	298	0.2355	4.1993	0
9805	297	0.2347	4.1982	0
9810	297	0.2347	4.2004	0
9815	295	0.2331	4.1982	0
9820	295	0.2331	4.1993	0
9825	294	0.2323	4.1982	0
9830	294	0.2323	4.1993	0
9835	291	0.2300	4.1972	0
9840	293	0.2316	4.2004	0
9845	292	0.2308	4.1982	0
9850	289	0.2284	4.1993	0
9855	287	0.2268	4.1982	0
9860	288	0.2276	4.2004	0
9865	287	0.2268	4.1982	0
9870	286	0.2260	4.1993	0
9875	285	0.2252	4.1982	0
9880	286	0.2260	4.1993	0
9885	284	0.2244	4.1982	0
9890	283	0.2237	4.1993	0
9895	284	0.2244	4.1982	0
9900	282	0.2229	4.1993	0
9905	282	0.2229	4.1993	0
9910	282	0.2229	4.1993	0
9915	282	0.2229	4.1982	0
9920	279	0.2205	4.1993	0
9925	278	0.2197	4.1982	0
9930	278	0.2197	4.1993	0
9935	277	0.2189	4.1982	0
9940	277	0.2189	4.2004	0
9945	275	0.2173	4.1982	0
9950	275	0.2173	4.1993	0
9955	274	0.2165	4.1982	0
9960	274	0.2165	4.1993	0
9965	271	0.2142	4.1982	0
9970	273	0.2157	4.2004	0
9975	270	0.2134	4.1982	0
9980	271	0.2142	4.2004	0
9985	270	0.2134	4.1993	0
9990	270	0.2134	4.1993	0
9995	269	0.2126	4.1982	0
10000	268	0.2118	4.2004	0
10005	266	0.2102	4.1982	0
10010	266	0.2102	4.2004	0
10015	266	0.2102	4.1982	0
10020	265	0.2094	4.2004	0
10025	264	0.2086	4.1993	0
10030	263	0.2078	4.2004	0
10035	262	0.2071	4.1982	0
10040	262	0.2071	4.2004	0
10045	261	0.2063	4.1982	0
10050	260	0.2055	4.1993	0
10055	260	0.2055	4.1982	0
10060	259	0.2047	4.2004	0
10065	260	0.2055	4.1982	0
10070	257	0.2031	4.2004	0
10075	257	0.2031	4.1993	0
10080	256	0.2023	4.2004	0
10085	256	0.2023	4.1993	0
10090	255	0.2015	4.2004	0
10095	255	0.2015	4.1993	0
10100	253	0.1999	4.2004	0
10105	253	0.1999	4.1993	0
10110	252	0.1992	4.2004	0
10115	251	0.1984	4.1993	0
10120	251	0.1984	4.2004	0
10125	250	0.1976	4.1982	0
10130	250	0.1976	4.2004	0
10135	249	0.1968	4.1982	0
10140	248	0.1960	4.2004	0
10145	247	0.1952	4.1993	0
10150	248	0.1960	4.2014	0
10155	246	0.1944	4.1993	0
10160	245	0.1936	4.2014	0
10165	244	0.1928	4.1982	0
10170	244	0.1928	4.2004	0
10175	243	0.1920	4.2004	0
10180	243	0.1920	4.2004	0
10185	241	0.1905	4.1993	0
10190	241	0.1905	4.2004	0
10195	241	0.1905	4.1993	0
10200	240	0.1897	4.2004	0
10205	239	0.1889	4.2004	0
10210	239	0.1889	4.1993	0
10215	238	0.1881	4.2004	0
10220	238	0.1881	4.2004	0
10225	238	0.1881	4.1993	0
10230	236	0.1865	4.2004	0
10235	236	0.1865	4.2004	0
10240	235	0.1857	4.2004	0
10245	234	0.1849	4.1993	0
10250	234	0.1849	4.2014	0
10255	233	0.1841	4.1982	0
10260	233	0.1841	4.2004	0
10265	232	0.1833	4.1993	0
10270	230	0.1818	4.2004	0
10275	230	0.1818	4.1993	0
10280	229	0.1810	4.2014	0
10285	230	0.1818	4.1993	0
10290	228	0.1802	4.2004	0
10295	228	0.1802	4.1993	0
10300	228	0.1802	4.2014	0
10305	228	0.1802	4.1993	0
10310	226	0.1786	4.2014	0
10315	226	0.1786	4.1993	0
10320	225	0.1778	4.2014	0
10325	225	0.1778	4.2004	0
10330	223	0.1762	4.2004	0
10335	224	0.1770	4.1993	0
10340	223	0.1762	4.2004	0
10345	222	0.1754	4.2004	0
10350	223	0.1762	4.2014	0
10355	222	0.1754	4.2004	0
10360	220	0.1739	4.2014	0
10365	220	0.1739	4.2004	0
10370	220	0.1739	4.2014	0
10375	219	0.1731	4.2004	0
10380	220	0.1739	4.2014	0
10385	216	0.1707	4.1993	0
10390	217	0.1715	4.2004	0
10395	216	0.1707	4.2004	0
10400	217	0.1715	4.2014	0
10405	215	0.1699	4.1993	0
10410	215	0.1699	4.2014	0
10415	215	0.1699	4.1993	0
10420	214	0.1691	4.2014	0
10425	214	0.1691	4.2004	0
10430	214	0.1691	4.2014	0
10435	211	0.1667	4.2004	0
10440	212	0.1675	4.2025	0
10445	211	0.1667	4.2004	0
10450	210	0.1660	4.2014	0
10455	210	0.1660	4.1993	0
10460	209	0.1652	4.2014	0
10465	210	0.1660	4.2004	0
10470	208	0.1644	4.2014	0
10475	208	0.1644	4.2004	0
10480	209	0.1652	4.2014	0
10485	208	0.1644	4.1993	0
10490	205	0.1620	4.2025	0
10495	206	0.1628	4.2004	0
10500	205	0.1620	4.2014	0
10505	206	0.1628	4.2004	0
10510	205	0.1620	4.2014	0
10515	204	0.1612	4.2004	0
10520	203	0.1604	4.2014	0
10525	202	0.1596	4.2004	0
10530	202	0.1596	4.2014	0
10535	203	0.1604	4.2004	0
10540	201	0.1588	4.2025	0
10545	201	0.1588	4.2004	0
10550	200	0.1581	4.2025	0
10555	199	0.1573	4.2014	0
10560	199	0.1573	4.2025	0
10565	198	0.1565	4.2004	0
10570	200	0.1581	4.2014	0
10575	197	0.1557	4.2014	0
10580	197	0.1557	4.2014	0
10585	199	0.1573	4.2014	0
10590	196	0.1549	4.2014	0
10595	194	0.1533	4.2014	0
10600	194	0.1533	4.2004	0
10605	194	0.1533	4.2004	0
10610	193	0.1525	4.2014	0
10615	193	0.1525	4.2004	0
10620	193	0.1525	4.2014	0
10625	193	0.1525	4.2014	0
10630	192	0.1517	4.2025	0
10635	191	0.1509	4.2014	0
10640	191	0.1509	4.2014	0
10645	190	0.1502	4.2004	0
10650	190	0.1502	4.2014	0
10655	190	0.1502	4.2004	0
10660	188	0.1486	4.2025	0
10665	188	0.1486	4.2014	0
10670	187	0.1478	4.2025	0
10675	187	0.1478	4.2014	0
10680	187	0.1478	4.2025	0
10685	186	0.1470	4.2014	0
10690	187	0.1478	4.2025	0
10695	185	0.1462	4.2014	0
10700	186	0.1470	4.2025	0
10705	185	0.1462	4.2014	0
10710	184	0.1454	4.2025	0
10715	183	0.1446	4.2025	0
10720	184	0.1454	4.2025	0
10725	183	0.1446	4.2014	0
10730	182	0.1438	4.2025	0
10735	182	0.1438	4.2004	0
10740	182	0.1438	4.2035	0
10745	180	0.1423	4.2014	0
10750	182	0.1438	4.2025	0
10755	180	0.1423	4.2014	0
10760	180	0.1423	4.2025	0
10765	179	0.1415	4.2014	0
10770	179	0.1415	4.2025	0
10775	177	0.1399	4.2004	0
10780	179	0.1415	4.2025	0
10785	178	0.1407	4.2004	0
10790	176	0.1391	4.2025	0
10795	177	0.1399	4.2004	0
10800	176	0.1391	4.2025	0
10805	175	0.1383	4.2014	0
10810	176	0.1391	4.2035	0
10815	174	0.1375	4.2014	0
10820	174	0.1375	4.2025	0
10825	174	0.1375	4.2014	0
10830	174	0.1375	4.2025	0
10835	172	0.1359	4.2014	0
10840	173	0.1367	4.2025	0
10845	171	0.1351	4.2004	0
10850	172	0.1359	4.2025	0
10855	172	0.1359	4.2014	0
10860	171	0.1351	4.2025	0
10865	170	0.1343	4.2014	0
10870	171	0.1351	4.2025	0
10875	171	0.1351	4.2025	0
10880	170	0.1343	4.2035	0
10885	169	0.1336	4.2014	0
10890	168	0.1328	4.2025	0
10895	169	0.1336	4.2014	0
10900	168	0.1328	4.2025	0
10905	167	0.1320	4.2025	0
10910	168	0.1328	4.2035	0
10915	165	0.1304	4.2025	0
10920	167	0.1320	4.2025	0
10925	165	0.1304	4.2014	0
10930	164	0.1296	4.2025	0
10935	165	0.1304	4.2014	0
10940	165	0.1304	4.2035	0
10945	164	0.1296	4.2025	0
10950	164	0.1296	4.2025	0
10955	164	0.1296	4.2004	0
10960	162	0.1280	4.2025	0
10965	162	0.1280	4.2004	0
10970	162	0.1280	4.2025	0
10975	161	0.1272	4.2014	0
10980	161	0.1272	4.2025	0
10985	161	0.1272	4.2014	0
10990	160	0.1264	4.2025	0
10995	161	0.1272	4.2014	0
11000	159	0.1257	4.2035	0
11005	159	0.1257	4.2004	0
11010	159	0.1257	4.2025	0
11015	160	0.1264	4.2014	0
11020	159	0.1257	4.2025	0
11025	159	0.1257	4.2025	0
11030	157	0.1241	4.2025	0
11035	158	0.1249	4.2014	0
11040	157	0.1241	4.2035	0
11045	155	0.1225	4.2025	0
11050	157	0.1241	4.2035	0
11055	155	0.1225	4.2025	0
11060	156	0.1233	4.2025	0
11065	155	0.1225	4.2025	0
11070	155	0.1225	4.2025	0
11075	155	0.1225	4.2025	0
11080	154	0.1217	4.2025	0
11085	155	0.1225	4.2025	0
11090	154	0.1217	4.2025	0
11095	152	0.1201	4.2014	0
11100	153	0.1209	4.2025	0
11105	153	0.1209	4.2014	0
11110	151	0.1193	4.2035	0
11115	150	0.1185	4.2014	0
11120	151	0.1193	4.2035	0
11125	151	0.1193	4.2025	0
11130	150	0.1185	4.2035	0
11135	151	0.1193	4.2025	0
11140	150	0.1185	4.2035	0
11145	150	0.1185	4.2014	0
11150	149	0.1178	4.2025	0
11155	147	0.1162	4.2025	0
11160	148	0.1170	4.2025	0
11165	149	0.1178	4.2025	0
11170	148	0.1170	4.2035	0
11175	148	0.1170	4.2025	0
11180	147	0.1162	4.2035	0
11185	147	0.1162	4.2014	0
11190	146	0.1154	4.2035	0
11195	146	0.1154	4.2025	0
11200	145	0.1146	4.2035	0
11205	146	0.1154	4.2025	0
11210	147	0.1162	4.2035	0
11215	143	0.1130	4.2025	0
11220	145	0.1146	4.2035	0
11225	143	0.1130	4.2025	0
11230	143	0.1130	4.2035	0
11235	144	0.1138	4.2014	0
11240	143	0.1130	4.2025	0
11245	143	0.1130	4.2014	0
11250	142	0.1122	4.2035	0
11255	142	0.1122	4.2025	0
11260	141	0.1114	4.2035	0
11265	131	0.1035	4.2025	1
11270	131	0.1035	4.2035	1
11275	131	0.1035	4.2025	1
11280	131	0.1035	4.2035	1
11285	129	0.1019	4.2014	1
11290	128	0.1012	4.2035	1
11295	129	0.1019	4.2025	1
11300	129	0.1019	4.2035	1
11305	129	0.1019	4.2014	1
11310	127	0.1004	4.2035	1
11315	127	0.1004	4.2025	1
11320	127	0.1004	4.2035	1
11325	129	0.1019	4.2025	1
11330	127	0.1004	4.2025	1
11335	127	0.1004	4.2025	1
11340	126	0.0996	4.2035	1
11345	126	0.0996	4.2025	1
11350	125	0.0988	4.2035	1
11355	126	0.0996	4.2035	1
11360	126	0.0996	4.2046	1
11365	124	0.0980	4.2025	1
11370	125	0.0988	4.2035	1
11375	123	0.0972	4.2025	1
11380	123	0.0972	4.2035	1
11385	125	0.0988	4.2025	1
11390	124	0.0980	4.2035	1
11395	123	0.0972	4.2025	1
11400	123	0.0972	4.2035	1
11405	121	0.0956	4.2025	1
11410	121	0.0956	4.2035	1
11415	121	0.0956	4.2025	1
11420	122	0.0964	4.2035	1
11425	121	0.0956	4.2014	1
11430	121	0.0956	4.2046	1
11435	120	0.0948	4.2025	1
11440	121	0.0956	4.2035	1
11445	120	0.0948	4.2025	1
11450	120	0.0948	4.2046	1
11455	120	0.0948	4.2025	1
11460	118	0.0933	4.2035	1
11465	118	0.0933	4.2025	1
11470	118	0.0933	4.2035	1
11475	118	0.0933	4.2025	1
11480	117	0.0925	4.2046	1
11485	118	0.0933	4.2025	1
11490	117	0.0925	4.2035	1
11495	117	0.0925	4.2035	1
11500	117	0.0925	4.2035	1
11505	116	0.0917	4.2014	1
11510	115	0.0909	4.2035	1
11515	115	0.0909	4.2014	1
11520	116	0.0917	4.2046	1
11525	116	0.0917	4.2025	1
11530	116	0.0917	4.2046	1
11535	115	0.0909	4.2014	1
11540	114	0.0901	4.2046	1
11545	113	0.0893	4.2025	1
11550	115	0.0909	4.2046	1
11555	114	0.0901	4.2035	1
11560	113	0.0893	4.2046	1
11565	114	0.0901	4.2035	1
11570	112	0.0885	4.2035	1
11575	113	0.0893	4.2025	1
11580	112	0.0885	4.2035	1
11585	113	0.0893	4.2025	1
11590	112	0.0885	4.2046	1
11595	112	0.0885	4.2025	1
11600	112	0.0885	4.2046	1
11605	111	0.0877	4.2025	1
11610	111	0.0877	4.2046	1
11615	111	0.0877	4.2025	1
11620	111	0.0877	4.2046	1
11625	110	0.0869	4.2025	1
11630	109	0.0861	4.2046	1
11635	110	0.0869	4.2035	1
11640	109	0.0861	4.2046	1
11645	110	0.0869	4.2035	1
11650	110	0.0869	4.2035	1
11655	109	0.0861	4.2025	1
11660	109	0.0861	4.2035	1
11665	109	0.0861	4.2035	1
11670	108	0.0854	4.2046	1
11675	108	0.0854	4.2035	1
11680	107	0.0846	4.2046	1
11685	107	0.0846	4.2025	1
11690	107	0.0846	4.2046	1
11695	107	0.0846	4.2025	1
11700	106	0.0838	4.2035	1
11705	107	0.0846	4.2025	1
11710	105	0.0830	4.2035	1
11715	106	0.0838	4.2025	1
11720	106	0.0838	4.2046	1
11725	105	0.0830	4.2025	1
11730	105	0.0830	4.2046	1
11735	105	0.0830	4.2035	1
11740	105	0.0830	4.2035	1
11745	105	0.0830	4.2035	1
11750	103	0.0814	4.2046	1
11755	104	0.0822	4.2025	1
11760	105	0.0830	4.2046	1
11765	104	0.0822	4.2025	1
11770	103	0.0814	4.2046	1
11775	103	0.0814	4.2035	1
11780	102	0.0806	4.2035	1
11785	102	0.0806	4.2035	1
11790	102	0.0806	4.2046	1
11795	102	0.0806	4.2035	1
11800	101	0.0798	4.2046	1
11805	102	0.0806	4.2025	1
11810	101	0.0798	4.2046	1
11815	100	0.0790	4.2035	1
11820	100	0.0790	4.2035	1
11825	102	0.0806	4.2035	1
11830	100	0.0790	4.2046	1
11835	100	0.0790	4.2025	1
11840	100	0.0790	4.2057	1
11845	101	0.0798	4.2035	1
11850	99	0.0782	4.2046	1
11855	100	0.0790	4.2025	1
11860	99	0.0782	4.2046	1
11865	99	0.0782	4.2035	1
11870	99	0.0782	4.2046	1
11875	98	0.0774	4.2035	1
11880	98	0.0774	4.2035	1
11885	98	0.0774	4.2035	1
11890	98	0.0774	4.2046	1
11895	99	0.0782	4.2025	1
11900	97	0.0767	4.2046	1
11905	97	0.0767	4.2025	1
11910	97	0.0767	4.2046	1
11915	98	0.0774	4.2035	1
11920	96	0.0759	4.2046	1
11925	97	0.0767	4.2035	1
11930	96	0.0759	4.2046	1
11935	95	0.0751	4.2025	1
11940	95	0.0751	4.2035	1
11945	96	0.0759	4.2035	1
11950	95	0.0751	4.2046	1
11955	96	0.0759	4.2025	1
11960	95	0.0751	4.2046	1
11965	94	0.0743	4.2035	1
11970	95	0.0751	4.2046	1
11975	94	0.0743	4.2025	1
11980	93	0.0735	4.2046	1
11985	94	0.0743	4.2035	1
11990	93	0.0735	4.2046	1
11995	94	0.0743	4.2035	1
12000	93	0.0735	4.2046	1
12005	92	0.0727	4.2025	1
12010	92	0.0727	4.2046	1
12015	93	0.0735	4.2025	1
12020	93	0.0735	4.2035	1
12025	92	0.0727	4.2035	1
12030	92	0.0727	4.2046	1
12035	92	0.0727	4.2046	1
12040	92	0.0727	4.2046	1
12045	92	0.0727	4.2035	1
12050	92	0.0727	4.2046	1
12055	91	0.0719	4.2035	1
12060	92	0.0727	4.2046	1
12065	91	0.0719	4.2035	1
12070	91	0.0719	4.2057	1
12075	91	0.0719	4.2046	1
12080	90	0.0711	4.2046	1
12085	90	0.0711	4.2046	1
12090	90	0.0711	4.2046	1
12095	90	0.0711	4.2035	1
12100	90	0.0711	4.2046	1
12105	89	0.0703	4.2035	1
12110	89	0.0703	4.2057	1
12115	88	0.0695	4.2035	1
12120	88	0.0695	4.2046	1
12125	89	0.0703	4.2035	1
12130	88	0.0695	4.2046	1
12135	89	0.0703	4.2035	1
12140	88	0.0695	4.2046	1
12145	87	0.0688	4.2035	1
12150	89	0.0703	4.2057	1
12155	87	0.0688	4.2025	1
12160	87	0.0688	4.2046	1
12165	87	0.0688	4.2035	1
12170	88	0.0695	4.2046	1
12175	88	0.0695	4.2035	1
12180	87	0.0688	4.2046	1
12185	87	0.0688	4.2035	1
12190	87	0.0688	4.2046	1
12195	86	0.0680	4.2035	1
12200	86	0.0680	4.2046	1
12205	86	0.0680	4.2035	1
12210	86	0.0680	4.2035	1
12215	86	0.0680	4.2035	1
12220	86	0.0680	4.2057	1
12225	85	0.0672	4.2035	1
12230	84	0.0664	4.2046	1
12235	84	0.0664	4.2046	1
12240	85	0.0672	4.2046	1
12245	85	0.0672	4.2046	1
12250	85	0.0672	4.2046	1
12255	86	0.0680	4.2046	1
12260	85	0.0672	4.2046	1
12265	85	0.0672	4.2046	1
12270	84	0.0664	4.2046	1
12275	84	0.0664	4.2035	1
12280	83	0.0656	4.2057	1
12285	84	0.0664	4.2035	1
12290	83	0.0656	4.2057	1
12295	83	0.0656	4.2035	1
12300	83	0.0656	4.2046	1
12305	82	0.0648	4.2046	1
12310	83	0.0656	4.2046	1
12315	82	0.0648	4.2035	1
12320	83	0.0656	4.2057	1
12325	82	0.0648	4.2035	1
12330	82	0.0648	4.2046	1
12335	82	0.0648	4.2035	1
12340	82	0.0648	4.2046	1
12345	80	0.0632	4.2035	1
12350	82	0.0648	4.2046	1
12355	81	0.0640	4.2035	1
12360	82	0.0648	4.2046	1
12365	82	0.0648	4.2046	1
12370	80	0.0632	4.2046	1
12375	81	0.0640	4.2025	1
12380	81	0.0640	4.2046	1
12385	80	0.0632	4.2035	1
12390	81	0.0640	4.2057	1
12395	80	0.0632	4.2035	1
12400	80	0.0632	4.2046	1
12405	80	0.0632	4.2035	1
12410	80	0.0632	4.2046	1
12415	80	0.0632	4.2046	1
12420	79	0.0624	4.2046	1
12425	80	0.0632	4.2046	1
12430	79	0.0624	4.2046	1
12435	80	0.0632	4.2035	1
12440	79	0.0624	4.2046	1
12445	79	0.0624	4.2025	1
12450	79	0.0624	4.2046	1
12455	79	0.0624	4.2035	1
12460	79	0.0624	4.2057	1
12465	78	0.0616	4.2046	1
12470	78	0.0616	4.2057	1
12475	78	0.0616	4.2035	1
12480	78	0.0616	4.2046	1
12485	77	0.0609	4.2035	1
12490	77	0.0609	4.2046	1
12495	77	0.0609	4.2046	1
12500	77	0.0609	4.2046	1
12505	78	0.0616	4.2035	1
12510	76	0.0601	4.2057	1
12515	77	0.0609	4.2035	1
12520	77	0.0609	4.2046	1
12525	76	0.0601	4.2046	1
12530	77	0.0609	4.2057	1
12535	77	0.0609	4.2035	1
12540	77	0.0609	4.2046	1
12545	76	0.0601	4.2046	1
12550	76	0.0601	4.2046	1
12555	74	0.0585	4.2046	1
12560	75	0.0593	4.2046	1
12565	75	0.0593	4.2035	1
12570	75	0.0593	4.2057	1
12575	75	0.0593	4.2035	1
12580	75	0.0593	4.2046	1
12585	76	0.0601	4.2035	1
12590	75	0.0593	4.2046	1
12595	75	0.0593	4.2046	1
12600	76	0.0601	4.2057	1
12605	74	0.0585	4.2035	1
12610	74	0.0585	4.2046	1
12615	75	0.0593	4.2046	1
12620	73	0.0577	4.2057	1
12625	74	0.0585	4.2046	1
12630	74	0.0585	4.2046	1
12635	74	0.0585	4.2035	1
12640	73	0.0577	4.2057	1
12645	74	0.0585	4.2035	1
12650	74	0.0585	4.2046	1
12655	74	0.0585	4.2035	1
12660	73	0.0577	4.2057	1
12665	72	0.0569	4.2046	1
12670	74	0.0585	4.2057	1
12675	73	0.0577	4.2035	1
12680	74	0.0585	4.2057	1
12685	73	0.0577	4.2046	1
12690	72	0.0569	4.2057	1
12695	72	0.0569	4.2035	1
12700	72	0.0569	4.2046	1
12705	74	0.0585	4.2046	1
12710	72	0.0569	4.2057	1
12715	72	0.0569	4.2035	1
12720	73	0.0577	4.2057	1
12725	72	0.0569	4.2046	1
12730	71	0.0561	4.2046	1
12735	72	0.0569	4.2046	1
12740	71	0.0561	4.2057	1
12745	70	0.0553	4.2057	1
12750	72	0.0569	4.2057	1
12755	71	0.0561	4.2046	1
12760	71	0.0561	4.2046	1
12765	69	0.0545	4.2025	1
12770	70	0.0553	4.2057	1
12775	70	0.0553	4.2046	1
12780	70	0.0553	4.2046	1
12785	70	0.0553	4.2046	1
12790	70	0.0553	4.2067	1
12795	70	0.0553	4.2046	1
12800	68	0.0537	4.2046	1
12805	70	0.0553	4.2035	1
12810	70	0.0553	4.2057	1
12815	70	0.0553	4.2035	1
12820	69	0.0545	4.2046	1
12825	69	0.0545	4.2046	1
12830	68	0.0537	4.2046	1
12835	69	0.0545	4.2035	1
12840	69	0.0545	4.2057	1
12845	69	0.0545	4.2046	1
12850	68	0.0537	4.2057	1
12855	69	0.0545	4.2046	1
12860	68	0.0537	4.2057	1
12865	68	0.0537	4.2046	1
12870	69	0.0545	4.2046	1
12875	68	0.0537	4.2046	1
12880	68	0.0537	4.2046	1
12885	68	0.0537	4.2046	1
12890	68	0.0537	4.2057	1
12895	67	0.0529	4.2035	1
12900	68	0.0537	4.2057	1
12905	68	0.0537	4.2046	1
12910	67	0.0529	4.2046	1
12915	67	0.0529	4.2046	1
12920	67	0.0529	4.2046	1
12925	67	0.0529	4.2035	1
12930	67	0.0529	4.2046	1
12935	67	0.0529	4.2046	1
12940	68	0.0537	4.2057	1
12945	66	0.0522	4.2046	1
12950	66	0.0522	4.2057	1
12955	67	0.0529	4.2046	1
12960	66	0.0522	4.2057	1
12965	66	0.0522	4.2046	1
12970	66	0.0522	4.2046	1
12975	65	0.0514	4.2035	1
12980	65	0.0514	4.2057	1
12985	65	0.0514	4.2035	1
12990	66	0.0522	4.2057	1
12995	66	0.0522	4.2046	1
13000	65	0.0514	4.2057	1
13005	65	0.0514	4.2046	1
13010	66	0.0522	4.2057	1
13015	65	0.0514	4.2035	1
13020	66	0.0522	4.2057	1
13025	66	0.0522	4.2046	1
13030	64	0.0506	4.2046	1
13035	65	0.0514	4.2035	1
13040	65	0.0514	4.2046	1
13045	65	0.0514	4.2046	1
13050	65	0.0514	4.2057	1
13055	65	0.0514	4.2046	1
13060	64	0.0506	4.2057	1
13065	65	0.0514	4.2046	1
13070	65	0.0514	4.2057	1
13075	63	0.0498	4.2046	1
13080	65	0.0514	4.2057	1
13085	64	0.0506	4.2035	1
13090	63	0.0498	4.2046	1
13095	64	0.0506	4.2035	1
13100	63	0.0498	4.2057	1
13105	63	0.0498	4.2046	1
13110	63	0.0498	4.2046	1
13115	63	0.0498	4.2046	1
13120	63	0.0498	4.2057	1
13125	63	0.0498	4.2035	1
13130	63	0.0498	4.2057	1
13135	63	0.0498	4.2046	1
13140	63	0.0498	4.2046	1
13145	64	0.0506	4.2046	1
13150	61	0.0482	4.2057	1
13155	63	0.0498	4.2035	1
13160	63	0.0498	4.2046	1
13165	62	0.0490	4.2046	1
13170	62	0.0490	4.2057	1
13175	62	0.0490	4.2046	1
13180	62	0.0490	4.2057	1
13185	61	0.0482	4.2046	1
13190	62	0.0490	4.2057	1
13195	61	0.0482	4.2046	1
13200	61	0.0482	4.2046	1
13205	62	0.0490	4.2046	1
13210	62	0.0490	4.2057	1
13215	61	0.0482	4.2035	1
13220	62	0.0490	4.2057	1
13225	61	0.0482	4.2035	1
13230	62	0.0490	4.2057	1
13235	60	0.0474	4.2046	1
13240	59	0.0466	4.2046	1
13245	61	0.0482	4.2046	1
13250	61	0.0482	4.2046	1
13255	61	0.0482	4.2035	1
13260	61	0.0482	4.2067	1
13265	60	0.0474	4.2046	1
13270	61	0.0482	4.2057	1
13275	61	0.0482	4.2035	1
13280	61	0.0482	4.2067	1
13285	61	0.0482	4.2046	1
13290	59	0.0466	4.2057	1
13295	60	0.0474	4.2046	1
13300	60	0.0474	4.2057	1
13305	60	0.0474	4.2035	1
13310	60	0.0474	4.2057	1
13315	60	0.0474	4.2046	1
13320	60	0.0474	4.2057	1
13325	61	0.0482	4.2057	1
13330	59	0.0466	4.2057	1
13335	58	0.0458	4.2046	1
13340	59	0.0466	4.2057	1
13345	59	0.0466	4.2046	1
13350	59	0.0466	4.2057	1
13355	60	0.0474	4.2046	1
13360	59	0.0466	4.2057	1
13365	59	0.0466	4.2046	1
13370	58	0.0458	4.2057	1
13375	58	0.0458	4.2046	1
13380	58	0.0458	4.2057	1
13385	58	0.0458	4.2035	1
13390	59	0.0466	4.2057	1
13395	60	0.0474	4.2046	1
13400	58	0.0458	4.2046	1
13405	58	0.0458	4.2057	1
13410	58	0.0458	4.2067	1
13415	58	0.0458	4.2046	1
13420	58	0.0458	4.2057	1
13425	58	0.0458	4.2046	1
13430	58	0.0458	4.2057	1
13435	57	0.0450	4.2046	1
13440	57	0.0450	4.2057	1
13445	56	0.0443	4.2046	1
13450	58	0.0458	4.2057	1
13455	59	0.0466	4.2035	1
13460	58	0.0458	4.2057	1
13465	57	0.0450	4.2046	1
13470	57	0.0450	4.2057	1
13475	57	0.0450	4.2046	1
13480	58	0.0458	4.2057	1
13485	58	0.0458	4.2035	1
13490	58	0.0458	4.2046	1
13495	57	0.0450	4.2046	1
13500	56	0.0443	4.2057	1
13505	57	0.0450	4.2035	1
13510	56	0.0443	4.2057	1
13515	56	0.0443	4.2046	1
13520	57	0.0450	4.2057	1
13525	56	0.0443	4.2046	1
13530	58	0.0458	4.2046	1
13535	58	0.0458	4.2046	1
13540	57	0.0450	4.2057	1
13545	57	0.0450	4.2046	1
13550	57	0.0450	4.2046	1
13555	56	0.0443	4.2035	1
13560	56	0.0443	4.2057	1
13565	57	0.0450	4.2046	1
13570	57	0.0450	4.2057	1
13575	56	0.0443	4.2057	1
13580	56	0.0443	4.2057	1
13585	56	0.0443	4.2057	1
13590	55	0.0435	4.2057	1
13595	55	0.0435	4.2057	1
13600	55	0.0435	4.2057	1
13605	55	0.0435	4.2046	1
13610	55	0.0435	4.2057	1
13615	55	0.0435	4.2046	1
13620	55	0.0435	4.2057	1
13625	55	0.0435	4.2057	1
13630	56	0.0443	4.2057	1
13635	54	0.0427	4.2046	1
13640	56	0.0443	4.2057	1
13645	55	0.0435	4.2046	1
13650	56	0.0443	4.2057	1
13655	56	0.0443	4.2046	1
13660	54	0.0427	4.2057	1
13665	55	0.0435	4.2046	1
13670	55	0.0435	4.2057	1
13675	54	0.0427	4.2046	1
13680	55	0.0435	4.2067	1
13685	53	0.0419	4.2046	1
13690	54	0.0427	4.2057	1
13695	56	0.0443	4.2046	1
13700	54	0.0427	4.2057	1
13705	54	0.0427	4.2035	1
13710	55	0.0435	4.2057	1
13715	53	0.0419	4.2057	1
13720	55	0.0435	4.2057	1
13725	54	0.0427	4.2046	1
13730	53	0.0419	4.2057	1
13735	55	0.0435	4.2046	1
13740	54	0.0427	4.2067	1
13745	54	0.0427	4.2046	1
13750	54	0.0427	4.2057	1
13755	54	0.0427	4.2046	1
13760	55	0.0435	4.2057	1
13765	53	0.0419	4.2046	1
13770	53	0.0419	4.2057	1
13775	54	0.0427	4.2046	1
13780	53	0.0419	4.2057	1
13785	54	0.0427	4.2057	1
13790	53	0.0419	4.2057	1
13795	54	0.0427	4.2046	1
13800	52	0.0411	4.2057	1
13805	53	0.0419	4.2035	1
13810	52	0.0411	4.2057	1
13815	53	0.0419	4.2046	1
13820	54	0.0427	4.2057	1
13825	53	0.0419	4.2046	1
13830	53	0.0419	4.2057	1
13835	53	0.0419	4.2046	1
13840	54	0.0427	4.2057	1
13845	52	0.0411	4.2046	1
13850	51	0.0403	4.2057	1
13855	52	0.0411	4.2057	1
13860	52	0.0411	4.2057	1
13865	53	0.0419	4.2046	1
13870	52	0.0411	4.2057	1
13875	52	0.0411	4.2046	1
13880	52	0.0411	4.2046	1
13885	52	0.0411	4.2046	1
13890	51	0.0403	4.2057	1
13895	52	0.0411	4.2046	1
13900	52	0.0411	4.2057	1
13905	52	0.0411	4.2046	1
13910	52	0.0411	4.2057	1
13915	52	0.0411	4.2057	1
13920	52	0.0411	4.2057	1
13925	51	0.0403	4.2046	1
13930	52	0.0411	4.2067	1
13935	51	0.0403	4.2046	1
13940	52	0.0411	4.2057	1
13945	52	0.0411	4.2046	1
13950	51	0.0403	4.2046	1
13955	51	0.0403	4.2046	1
13960	51	0.0403	4.2057	1
13965	52	0.0411	4.2046	1
13970	52	0.0411	4.2057	1
13975	52	0.0411	4.2046	1
13980	51	0.0403	4.2067	1
13985	51	0.0403	4.2057	1
13990	51	0.0403	4.2067	1
13995	51	0.0403	4.2057	1
14000	52	0.0411	4.2057	1
14005	51	0.0403	4.2046	1
14010	51	0.0403	4.2057	1
14015	50	0.0395	4.2046	1
14020	51	0.0403	4.2057	1
14025	51	0.0403	4.2046	1
14030	51	0.0403	4.2057	1
14035	50	0.0395	4.2046	1
14040	50	0.0395	4.2057	1
14045	51	0.0403	4.2046	1
14050	51	0.0403	4.2057	1
14055	50	0.0395	4.2035	1
14060	51	0.0403	4.2067	1
14065	50	0.0395	4.2057	1
14070	50	0.0395	4.2057	1
14075	50	0.0395	4.2046	1
14080	49	0.0387	4.2057	1
14085	49	0.0387	4.2057	1
14090	50	0.0395	4.2057	1
14095	51	0.0403	4.2046	1
14100	51	0.0403	4.2057	1
14105	50	0.0395	4.2046	1
14110	48	0.0379	4.2057	1
14115	49	0.0387	4.2046	1
14120	49	0.0387	4.2057	1
14125	50	0.0395	4.2046	1
14130	49	0.0387	4.2046	1
14135	50	0.0395	4.2046	1
14140	48	0.0379	4.2057	1
14145	50	0.0395	4.2046	1
14150	51	0.0403	4.2057	1
14155	49	0.0387	4.2046	1
14160	49	0.0387	4.2067	1
14165	50	0.0395	4.2046	1
14170	48	0.0379	4.2057	1
14175	49	0.0387	4.2046	1
14180	50	0.0395	4.2067	1
14185	48	0.0379	4.2046	1
14190	49	0.0387	4.2057	1
14195	49	0.0387	4.2035	1
14200	49	0.0387	4.2057	1
14205	49	0.0387	4.2057	1
14210	48	0.0379	4.2057	1
14215	47	0.0371	4.2035	1
14220	49	0.0387	4.2057	1
14225	48	0.0379	4.2046	1
14230	50	0.0395	4.2057	1
14235	49	0.0387	4.2046	1
14240	49	0.0387	4.2057	1
14245	49	0.0387	4.2046	1
14250	49	0.0387	4.2046	1
14255	48	0.0379	4.2046	1
14260	49	0.0387	4.2057	1
14265	48	0.0379	4.2046	1
14270	25	0.0198	4.2025	1
14275	24	0.0190	4.2014	1
14280	26	0.0205	4.2025	1
14285	25	0.0198	4.2004	1
14290	25	0.0198	4.2025	1
14295	25	0.0198	4.2025	1
14300	25	0.0198	4.2025	1
14305	26	0.0205	4.2014	1
14310	26	0.0205	4.2014	1
14315	24	0.0190	4.2004	1
14320	25	0.0198	4.2014	1
14325	25	0.0198	4.2014	1
14330	25	0.0198	4.2014	1
14335	25	0.0198	4.2004	1
14340	25	0.0198	4.2025	1
14345	25	0.0198	4.2004	1
14350	26	0.0205	4.2014	1
14355	24	0.0190	4.2014	1
14360	24	0.0190	4.2014	1
14365	24	0.0190	4.2014	1
14370	25	0.0198	4.2014	1
14375	26	0.0205	4.2004	1
14380	26	0.0205	4.2014	1
14385	25	0.0198	4.1993	1
14390	25	0.0198	4.2014	1
14395	25	0.0198	4.2004	1
14400	26	0.0205	4.2014	1
14405	25	0.0198	4.1993	1
14410	25	0.0198	4.2004	1
14415	26	0.0205	4.2004	1
14420	25	0.0198	4.2004	1
14425	25	0.0198	4.1993	1
14430	26	0.0205	4.2014	1
14435	26	0.0205	4.1993	1
14440	25	0.0198	4.2014	1
14445	25	0.0198	4.1993	1
14450	25	0.0198	4.2025	1
14455	25	0.0198	4.1993	1
14460	25	0.0198	4.2004	1
14465	27	0.0213	4.1982	1
14470	25	0.0198	4.2004	1
14475	26	0.0205	4.1993	1
14480	25	0.0198	4.2014	1
14485	25	0.0198	4.1993	1
14490	25	0.0198	4.2004	1
