time[s] raw_val Vi  Vbat    CHG Pin
5	249	0.1968	2.7129	0
10	251	0.1984	2.7320	0
15	250	0.1976	2.7490	0
20	251	0.1984	2.7621	0
25	249	0.1968	2.7721	0
30	249	0.1968	2.7831	0
35	250	0.1976	2.7942	0
40	248	0.1960	2.8032	0
45	249	0.1968	2.8113	0
50	1508	1.1917	2.9869	0
55	1508	1.1917	3.0351	0
60	1507	1.1910	3.0722	0
65	1507	1.1910	3.1053	0
70	1508	1.1917	3.1334	0
75	1506	1.1902	3.1575	0
80	1507	1.1910	3.1786	0
85	1507	1.1910	3.1967	0
90	1506	1.1902	3.2137	0
95	1506	1.1902	3.2288	0
100	1506	1.1902	3.2448	0
105	1506	1.1902	3.2579	0
110	1507	1.1910	3.2699	0
115	1506	1.1902	3.2830	0
120	1506	1.1902	3.2940	0
125	1507	1.1910	3.3051	0
130	1507	1.1910	3.3181	0
135	1507	1.1910	3.3281	0
140	1507	1.1910	3.3372	0
145	1507	1.1910	3.3462	0
150	1506	1.1902	3.3552	0
155	1507	1.1910	3.3643	0
160	1507	1.1910	3.3723	0
165	1506	1.1902	3.3803	0
170	1506	1.1902	3.3863	0
175	1507	1.1910	3.3954	0
180	1506	1.1902	3.4034	0
185	1506	1.1902	3.4094	0
190	1506	1.1902	3.4175	0
195	1506	1.1902	3.4255	0
200	1505	1.1894	3.4315	0
205	1507	1.1910	3.4365	0
210	1506	1.1902	3.4446	0
215	1506	1.1902	3.4496	0
220	1507	1.1910	3.4556	0
225	1507	1.1910	3.4626	0
230	1507	1.1910	3.4686	0
235	1506	1.1902	3.4727	0
240	1506	1.1902	3.4797	0
245	1506	1.1902	3.4837	0
250	1506	1.1902	3.4877	0
255	1505	1.1894	3.4937	0
260	1506	1.1902	3.4988	0
265	1506	1.1902	3.5048	0
270	1506	1.1902	3.5088	0
275	1506	1.1902	3.5138	0
280	1506	1.1902	3.5188	0
285	1506	1.1902	3.5218	0
290	1506	1.1902	3.5279	0
295	1507	1.1910	3.5299	0
300	1506	1.1902	3.5359	0
305	1505	1.1894	3.5399	0
310	1506	1.1902	3.5449	0
315	1506	1.1902	3.5489	0
320	1505	1.1894	3.5520	0
325	1506	1.1902	3.5570	0
330	1506	1.1902	3.5610	0
335	1506	1.1902	3.5650	0
340	1506	1.1902	3.5690	0
345	1506	1.1902	3.5710	0
350	1506	1.1902	3.5750	0
355	1507	1.1910	3.5780	0
360	1507	1.1910	3.5831	0
365	1506	1.1902	3.5861	0
370	1505	1.1894	3.5901	0
375	1507	1.1910	3.5921	0
380	1506	1.1902	3.5951	0
385	1506	1.1902	3.5961	0
390	1507	1.1910	3.5961	0
395	1506	1.1902	3.5971	0
400	1507	1.1910	3.6001	0
405	1505	1.1894	3.6021	0
410	1506	1.1902	3.6051	0
415	1504	1.1886	3.6092	0
420	1506	1.1902	3.6122	0
425	1506	1.1902	3.6142	0
430	1508	1.1917	3.6172	0
435	1507	1.1910	3.6212	0
440	1505	1.1894	3.6232	0
445	1506	1.1902	3.6252	0
450	1506	1.1902	3.6282	0
455	1506	1.1902	3.6312	0
460	1505	1.1894	3.6332	0
465	1507	1.1910	3.6353	0
470	1505	1.1894	3.6393	0
475	1506	1.1902	3.6403	0
480	1506	1.1902	3.6433	0
485	1506	1.1902	3.6463	0
490	1505	1.1894	3.6483	0
495	1506	1.1902	3.6493	0
500	1505	1.1894	3.6513	0
505	1505	1.1894	3.6543	0
510	1505	1.1894	3.6553	0
515	1505	1.1894	3.6583	0
520	1506	1.1902	3.6573	0
525	1506	1.1902	3.6593	0
530	1505	1.1894	3.6603	0
535	1506	1.1902	3.6624	0
540	1506	1.1902	3.6634	0
545	1507	1.1910	3.6644	0
550	1505	1.1894	3.6654	0
555	1506	1.1902	3.6664	0
560	1506	1.1902	3.6664	0
565	1507	1.1910	3.6674	0
570	1507	1.1910	3.6684	0
575	1506	1.1902	3.6694	0
580	1506	1.1902	3.6704	0
585	1506	1.1902	3.6714	0
590	1506	1.1902	3.6714	0
595	1506	1.1902	3.6714	0
600	1506	1.1902	3.6714	0
605	1505	1.1894	3.6714	0
610	1505	1.1894	3.6714	0
615	1506	1.1902	3.6724	0
620	1507	1.1910	3.6724	0
625	1506	1.1902	3.6724	0
630	1506	1.1902	3.6734	0
635	1506	1.1902	3.6764	0
640	1506	1.1902	3.6734	0
645	1505	1.1894	3.6734	0
650	1506	1.1902	3.6754	0
655	1505	1.1894	3.6754	0
660	1506	1.1902	3.6764	0
665	1506	1.1902	3.6754	0
670	1506	1.1902	3.6764	0
675	1507	1.1910	3.6764	0
680	1507	1.1910	3.6774	0
685	1505	1.1894	3.6784	0
690	1506	1.1902	3.6784	0
695	1506	1.1902	3.6784	0
700	1506	1.1902	3.6784	0
705	1506	1.1902	3.6784	0
710	1505	1.1894	3.6794	0
715	1505	1.1894	3.6784	0
720	1506	1.1902	3.6814	0
725	1507	1.1910	3.6804	0
730	1506	1.1902	3.6814	0
735	1506	1.1902	3.6814	0
740	1507	1.1910	3.6824	0
745	1506	1.1902	3.6824	0
750	1505	1.1894	3.6824	0
755	1505	1.1894	3.6824	0
760	1506	1.1902	3.6824	0
765	1507	1.1910	3.6834	0
770	1506	1.1902	3.6834	0
775	1506	1.1902	3.6854	0
780	1506	1.1902	3.6864	0
785	1506	1.1902	3.6864	0
790	1505	1.1894	3.6864	0
795	1506	1.1902	3.6874	0
800	1506	1.1902	3.6884	0
805	1506	1.1902	3.6884	0
810	1506	1.1902	3.6884	0
815	1506	1.1902	3.6874	0
820	1506	1.1902	3.6895	0
825	1506	1.1902	3.6895	0
830	1506	1.1902	3.6884	0
835	1506	1.1902	3.6905	0
840	1506	1.1902	3.6905	0
845	1506	1.1902	3.6905	0
850	1505	1.1894	3.6915	0
855	1505	1.1894	3.6905	0
860	1505	1.1894	3.6925	0
865	1506	1.1902	3.6935	0
870	1505	1.1894	3.6925	0
875	1506	1.1902	3.6935	0
880	1507	1.1910	3.6945	0
885	1507	1.1910	3.6935	0
890	1506	1.1902	3.6955	0
895	1506	1.1902	3.6965	0
900	1506	1.1902	3.6965	0
905	1506	1.1902	3.6965	0
910	1506	1.1902	3.6975	0
915	1506	1.1902	3.6975	0
920	1505	1.1894	3.6985	0
925	1506	1.1902	3.6985	0
930	1508	1.1917	3.7015	0
935	1506	1.1902	3.6995	0
940	1506	1.1902	3.7005	0
945	1505	1.1894	3.6995	0
950	1506	1.1902	3.7015	0
955	1506	1.1902	3.7005	0
960	1505	1.1894	3.7025	0
965	1506	1.1902	3.7025	0
970	1506	1.1902	3.7035	0
975	1505	1.1894	3.7035	0
980	1505	1.1894	3.7045	0
985	1506	1.1902	3.7045	0
990	1506	1.1902	3.7055	0
995	1506	1.1902	3.7045	0
1000	1506	1.1902	3.7065	0
1005	1505	1.1894	3.7065	0
1010	1505	1.1894	3.7075	0
1015	1505	1.1894	3.7065	0
1020	1506	1.1902	3.7085	0
1025	1506	1.1902	3.7095	0
1030	1506	1.1902	3.7105	0
1035	1506	1.1902	3.7095	0
1040	1506	1.1902	3.7105	0
1045	1505	1.1894	3.7115	0
1050	1505	1.1894	3.7125	0
1055	1506	1.1902	3.7115	0
1060	1507	1.1910	3.7125	0
1065	1507	1.1910	3.7125	0
1070	1506	1.1902	3.7125	0
1075	1506	1.1902	3.7135	0
1080	1505	1.1894	3.7135	0
1085	1506	1.1902	3.7155	0
1090	1506	1.1902	3.7166	0
1095	1507	1.1910	3.7155	0
1100	1506	1.1902	3.7196	0
1105	1506	1.1902	3.7186	0
1110	1505	1.1894	3.7186	0
1115	1505	1.1894	3.7196	0
1120	1505	1.1894	3.7196	0
1125	1506	1.1902	3.7206	0
1130	1506	1.1902	3.7206	0
1135	1506	1.1902	3.7206	0
1140	1506	1.1902	3.7206	0
1145	1506	1.1902	3.7236	0
1150	1505	1.1894	3.7226	0
1155	1504	1.1886	3.7246	0
1160	1506	1.1902	3.7236	0
1165	1505	1.1894	3.7246	0
1170	1505	1.1894	3.7256	0
1175	1506	1.1902	3.7256	0
1180	1506	1.1902	3.7296	0
1185	1503	1.1878	3.7266	0
1190	1506	1.1902	3.7286	0
1195	1505	1.1894	3.7306	0
1200	1505	1.1894	3.7296	0
1205	1505	1.1894	3.7306	0
1210	1506	1.1902	3.7306	0
1215	1506	1.1902	3.7306	0
1220	1505	1.1894	3.7316	0
1225	1506	1.1902	3.7326	0
1230	1506	1.1902	3.7346	0
1235	1505	1.1894	3.7326	0
1240	1506	1.1902	3.7336	0
1245	1506	1.1902	3.7346	0
1250	1505	1.1894	3.7356	0
1255	1505	1.1894	3.7356	0
1260	1505	1.1894	3.7376	0
1265	1505	1.1894	3.7376	0
1270	1505	1.1894	3.7386	0
1275	1505	1.1894	3.7386	0
1280	1506	1.1902	3.7406	0
1285	1505	1.1894	3.7386	0
1290	1505	1.1894	3.7406	0
1295	1505	1.1894	3.7416	0
1300	1505	1.1894	3.7406	0
1305	1505	1.1894	3.7426	0
1310	1505	1.1894	3.7437	0
1315	1505	1.1894	3.7437	0
1320	1505	1.1894	3.7447	0
1325	1505	1.1894	3.7447	0
1330	1505	1.1894	3.7447	0
1335	1505	1.1894	3.7447	0
1340	1505	1.1894	3.7457	0
1345	1505	1.1894	3.7467	0
1350	1506	1.1902	3.7487	0
1355	1505	1.1894	3.7487	0
1360	1504	1.1886	3.7497	0
1365	1505	1.1894	3.7487	0
1370	1506	1.1902	3.7507	0
1375	1505	1.1894	3.7507	0
1380	1505	1.1894	3.7517	0
1385	1505	1.1894	3.7517	0
1390	1506	1.1902	3.7537	0
1395	1505	1.1894	3.7537	0
1400	1505	1.1894	3.7547	0
1405	1506	1.1902	3.7547	0
1410	1506	1.1902	3.7557	0
1415	1506	1.1902	3.7547	0
1420	1505	1.1894	3.7567	0
1425	1505	1.1894	3.7567	0
1430	1506	1.1902	3.7587	0
1435	1505	1.1894	3.7577	0
1440	1505	1.1894	3.7597	0
1445	1507	1.1910	3.7597	0
1450	1505	1.1894	3.7597	0
1455	1505	1.1894	3.7597	0
1460	1506	1.1902	3.7607	0
1465	1504	1.1886	3.7627	0
1470	1506	1.1902	3.7627	0
1475	1506	1.1902	3.7627	0
1480	1506	1.1902	3.7637	0
1485	1505	1.1894	3.7647	0
1490	1505	1.1894	3.7647	0
1495	1505	1.1894	3.7657	0
1500	1505	1.1894	3.7667	0
1505	1505	1.1894	3.7667	0
1510	1506	1.1902	3.7667	0
1515	1505	1.1894	3.7687	0
1520	1506	1.1902	3.7687	0
1525	1505	1.1894	3.7697	0
1530	1505	1.1894	3.7718	0
1535	1505	1.1894	3.7697	0
1540	1505	1.1894	3.7707	0
1545	1506	1.1902	3.7707	0
1550	1505	1.1894	3.7728	0
1555	1505	1.1894	3.7718	0
1560	1505	1.1894	3.7738	0
1565	1506	1.1902	3.7738	0
1570	1504	1.1886	3.7748	0
1575	1505	1.1894	3.7758	0
1580	1504	1.1886	3.7758	0
1585	1505	1.1894	3.7768	0
1590	1505	1.1894	3.7778	0
1595	1505	1.1894	3.7778	0
1600	1505	1.1894	3.7788	0
1605	1505	1.1894	3.7798	0
1610	1505	1.1894	3.7798	0
1615	1506	1.1902	3.7798	0
1620	1504	1.1886	3.7798	0
1625	1505	1.1894	3.7818	0
1630	1505	1.1894	3.7828	0
1635	1505	1.1894	3.7818	0
1640	1505	1.1894	3.7818	0
1645	1505	1.1894	3.7838	0
1650	1506	1.1902	3.7838	0
1655	1506	1.1902	3.7848	0
1660	1504	1.1886	3.7858	0
1665	1506	1.1902	3.7838	0
1670	1504	1.1886	3.7868	0
1675	1505	1.1894	3.7878	0
1680	1504	1.1886	3.7878	0
1685	1505	1.1894	3.7888	0
1690	1505	1.1894	3.7888	0
1695	1505	1.1894	3.7888	0
1700	1505	1.1894	3.7908	0
1705	1505	1.1894	3.7898	0
1710	1505	1.1894	3.7918	0
1715	1505	1.1894	3.7908	0
1720	1505	1.1894	3.7928	0
1725	1505	1.1894	3.7928	0
1730	1504	1.1886	3.7938	0
1735	1506	1.1902	3.7938	0
1740	1504	1.1886	3.7938	0
1745	1506	1.1902	3.7948	0
1750	1504	1.1886	3.7968	0
1755	1504	1.1886	3.7958	0
1760	1505	1.1894	3.7968	0
1765	1505	1.1894	3.7978	0
1770	1504	1.1886	3.7978	0
1775	1506	1.1902	3.7978	0
1780	1505	1.1894	3.7989	0
1785	1504	1.1886	3.7999	0
1790	1504	1.1886	3.7999	0
1795	1505	1.1894	3.8009	0
1800	1504	1.1886	3.8009	0
1805	1505	1.1894	3.8019	0
1810	1504	1.1886	3.8019	0
1815	1505	1.1894	3.8019	0
1820	1505	1.1894	3.8029	0
1825	1504	1.1886	3.8029	0
1830	1505	1.1894	3.8039	0
1835	1505	1.1894	3.8039	0
1840	1505	1.1894	3.8059	0
1845	1505	1.1894	3.8049	0
1850	1506	1.1902	3.8059	0
1855	1505	1.1894	3.8059	0
1860	1504	1.1886	3.8069	0
1865	1504	1.1886	3.8069	0
1870	1505	1.1894	3.8069	0
1875	1505	1.1894	3.8079	0
1880	1506	1.1902	3.8079	0
1885	1505	1.1894	3.8099	0
1890	1505	1.1894	3.8109	0
1895	1505	1.1894	3.8099	0
1900	1506	1.1902	3.8109	0
1905	1504	1.1886	3.8109	0
1910	1505	1.1894	3.8109	0
1915	1505	1.1894	3.8109	0
1920	1504	1.1886	3.8119	0
1925	1505	1.1894	3.8109	0
1930	1505	1.1894	3.8129	0
1935	1503	1.1878	3.8129	0
1940	1505	1.1894	3.8149	0
1945	1504	1.1886	3.8159	0
1950	1505	1.1894	3.8149	0
1955	1504	1.1886	3.8149	0
1960	1505	1.1894	3.8169	0
1965	1504	1.1886	3.8169	0
1970	1505	1.1894	3.8159	0
1975	1505	1.1894	3.8169	0
1980	1506	1.1902	3.8169	0
1985	1503	1.1878	3.8189	0
1990	1504	1.1886	3.8179	0
1995	1503	1.1878	3.8189	0
2000	1505	1.1894	3.8199	0
2005	1505	1.1894	3.8179	0
2010	1506	1.1902	3.8199	0
2015	1506	1.1902	3.8199	0
2020	1505	1.1894	3.8219	0
2025	1505	1.1894	3.8219	0
2030	1504	1.1886	3.8219	0
2035	1505	1.1894	3.8229	0
2040	1504	1.1886	3.8229	0
2045	1505	1.1894	3.8229	0
2050	1504	1.1886	3.8249	0
2055	1505	1.1894	3.8239	0
2060	1505	1.1894	3.8249	0
2065	1504	1.1886	3.8249	0
2070	1506	1.1902	3.8260	0
2075	1505	1.1894	3.8260	0
2080	1505	1.1894	3.8260	0
2085	1505	1.1894	3.8280	0
2090	1505	1.1894	3.8280	0
2095	1504	1.1886	3.8270	0
2100	1506	1.1902	3.8290	0
2105	1504	1.1886	3.8290	0
2110	1505	1.1894	3.8300	0
2115	1505	1.1894	3.8290	0
2120	1506	1.1902	3.8310	0
2125	1505	1.1894	3.8300	0
2130	1504	1.1886	3.8310	0
2135	1505	1.1894	3.8320	0
2140	1503	1.1878	3.8330	0
2145	1504	1.1886	3.8320	0
2150	1504	1.1886	3.8330	0
2155	1505	1.1894	3.8340	0
2160	1505	1.1894	3.8340	0
2165	1505	1.1894	3.8330	0
2170	1505	1.1894	3.8340	0
2175	1504	1.1886	3.8340	0
2180	1505	1.1894	3.8360	0
2185	1504	1.1886	3.8360	0
2190	1505	1.1894	3.8360	0
2195	1503	1.1878	3.8370	0
2200	1505	1.1894	3.8370	0
2205	1504	1.1886	3.8390	0
2210	1504	1.1886	3.8390	0
2215	1506	1.1902	3.8380	0
2220	1503	1.1878	3.8400	0
2225	1505	1.1894	3.8400	0
2230	1505	1.1894	3.8400	0
2235	1505	1.1894	3.8400	0
2240	1503	1.1878	3.8410	0
2245	1505	1.1894	3.8410	0
2250	1505	1.1894	3.8420	0
2255	1504	1.1886	3.8430	0
2260	1505	1.1894	3.8430	0
2265	1505	1.1894	3.8440	0
2270	1505	1.1894	3.8450	0
2275	1505	1.1894	3.8450	0
2280	1505	1.1894	3.8460	0
2285	1505	1.1894	3.8450	0
2290	1504	1.1886	3.8460	0
2295	1505	1.1894	3.8450	0
2300	1504	1.1886	3.8470	0
2305	1504	1.1886	3.8480	0
2310	1505	1.1894	3.8490	0
2315	1504	1.1886	3.8480	0
2320	1504	1.1886	3.8490	0
2325	1505	1.1894	3.8490	0
2330	1504	1.1886	3.8510	0
2335	1504	1.1886	3.8500	0
2340	1505	1.1894	3.8510	0
2345	1503	1.1878	3.8520	0
2350	1506	1.1902	3.8530	0
2355	1505	1.1894	3.8520	0
2360	1505	1.1894	3.8541	0
2365	1505	1.1894	3.8541	0
2370	1504	1.1886	3.8551	0
2375	1504	1.1886	3.8551	0
2380	1505	1.1894	3.8551	0
2385	1506	1.1902	3.8551	0
2390	1503	1.1878	3.8561	0
2395	1505	1.1894	3.8571	0
2400	1505	1.1894	3.8581	0
2405	1505	1.1894	3.8581	0
2410	1504	1.1886	3.8591	0
2415	1503	1.1878	3.8581	0
2420	1504	1.1886	3.8601	0
2425	1503	1.1878	3.8591	0
2430	1505	1.1894	3.8611	0
2435	1505	1.1894	3.8601	0
2440	1504	1.1886	3.8621	0
2445	1505	1.1894	3.8631	0
2450	1504	1.1886	3.8641	0
2455	1505	1.1894	3.8641	0
2460	1504	1.1886	3.8641	0
2465	1504	1.1886	3.8651	0
2470	1504	1.1886	3.8631	0
2475	1503	1.1878	3.8661	0
2480	1504	1.1886	3.8671	0
2485	1505	1.1894	3.8671	0
2490	1504	1.1886	3.8671	0
2495	1504	1.1886	3.8691	0
2500	1504	1.1886	3.8671	0
2505	1505	1.1894	3.8701	0
2510	1505	1.1894	3.8711	0
2515	1504	1.1886	3.8701	0
2520	1504	1.1886	3.8721	0
2525	1505	1.1894	3.8721	0
2530	1505	1.1894	3.8731	0
2535	1504	1.1886	3.8721	0
2540	1505	1.1894	3.8721	0
2545	1502	1.1870	3.8741	0
2550	1504	1.1886	3.8741	0
2555	1504	1.1886	3.8751	0
2560	1505	1.1894	3.8761	0
2565	1504	1.1886	3.8761	0
2570	1505	1.1894	3.8771	0
2575	1503	1.1878	3.8781	0
2580	1505	1.1894	3.8791	0
2585	1504	1.1886	3.8791	0
2590	1504	1.1886	3.8801	0
2595	1505	1.1894	3.8801	0
2600	1504	1.1886	3.8812	0
2605	1504	1.1886	3.8822	0
2610	1504	1.1886	3.8832	0
2615	1505	1.1894	3.8822	0
2620	1503	1.1878	3.8842	0
2625	1504	1.1886	3.8832	0
2630	1503	1.1878	3.8852	0
2635	1504	1.1886	3.8852	0
2640	1505	1.1894	3.8852	0
2645	1504	1.1886	3.8852	0
2650	1504	1.1886	3.8872	0
2655	1504	1.1886	3.8872	0
2660	1505	1.1894	3.8892	0
2665	1504	1.1886	3.8892	0
2670	1505	1.1894	3.8902	0
2675	1504	1.1886	3.8902	0
2680	1504	1.1886	3.8922	0
2685	1504	1.1886	3.8902	0
2690	1504	1.1886	3.8932	0
2695	1503	1.1878	3.8942	0
2700	1503	1.1878	3.8942	0
2705	1504	1.1886	3.8952	0
2710	1505	1.1894	3.8952	0
2715	1504	1.1886	3.8952	0
2720	1503	1.1878	3.8972	0
2725	1503	1.1878	3.8972	0
2730	1504	1.1886	3.8992	0
2735	1504	1.1886	3.8992	0
2740	1504	1.1886	3.9002	0
2745	1505	1.1894	3.8992	0
2750	1504	1.1886	3.9012	0
2755	1504	1.1886	3.9012	0
2760	1504	1.1886	3.9012	0
2765	1504	1.1886	3.9022	0
2770	1504	1.1886	3.9042	0
2775	1503	1.1878	3.9042	0
2780	1504	1.1886	3.9052	0
2785	1505	1.1894	3.9052	0
2790	1504	1.1886	3.9052	0
2795	1504	1.1886	3.9083	0
2800	1504	1.1886	3.9072	0
2805	1504	1.1886	3.9093	0
2810	1504	1.1886	3.9083	0
2815	1504	1.1886	3.9093	0
2820	1504	1.1886	3.9113	0
2825	1504	1.1886	3.9123	0
2830	1504	1.1886	3.9113	0
2835	1503	1.1878	3.9133	0
2840	1503	1.1878	3.9133	0
2845	1503	1.1878	3.9143	0
2850	1503	1.1878	3.9153	0
2855	1504	1.1886	3.9153	0
2860	1504	1.1886	3.9163	0
2865	1503	1.1878	3.9163	0
2870	1503	1.1878	3.9183	0
2875	1504	1.1886	3.9183	0
2880	1504	1.1886	3.9193	0
2885	1504	1.1886	3.9203	0
2890	1504	1.1886	3.9213	0
2895	1504	1.1886	3.9203	0
2900	1503	1.1878	3.9223	0
2905	1503	1.1878	3.9223	0
2910	1504	1.1886	3.9233	0
2915	1503	1.1878	3.9243	0
2920	1504	1.1886	3.9243	0
2925	1502	1.1870	3.9253	0
2930	1503	1.1878	3.9243	0
2935	1503	1.1878	3.9263	0
2940	1504	1.1886	3.9283	0
2945	1503	1.1878	3.9283	0
2950	1503	1.1878	3.9293	0
2955	1503	1.1878	3.9283	0
2960	1504	1.1886	3.9293	0
2965	1504	1.1886	3.9303	0
2970	1504	1.1886	3.9303	0
2975	1503	1.1878	3.9313	0
2980	1504	1.1886	3.9323	0
2985	1503	1.1878	3.9333	0
2990	1504	1.1886	3.9333	0
2995	1503	1.1878	3.9343	0
3000	1503	1.1878	3.9353	0
3005	1504	1.1886	3.9364	0
3010	1505	1.1894	3.9374	0
3015	1504	1.1886	3.9374	0
3020	1503	1.1878	3.9384	0
3025	1504	1.1886	3.9384	0
3030	1503	1.1878	3.9394	0
3035	1504	1.1886	3.9394	0
3040	1503	1.1878	3.9404	0
3045	1503	1.1878	3.9414	0
3050	1503	1.1878	3.9434	0
3055	1504	1.1886	3.9414	0
3060	1503	1.1878	3.9434	0
3065	1502	1.1870	3.9444	0
3070	1504	1.1886	3.9434	0
3075	1503	1.1878	3.9454	0
3080	1504	1.1886	3.9464	0
3085	1504	1.1886	3.9464	0
3090	1503	1.1878	3.9474	0
3095	1503	1.1878	3.9464	0
3100	1503	1.1878	3.9484	0
3105	1503	1.1878	3.9484	0
3110	1503	1.1878	3.9514	0
3115	1503	1.1878	3.9504	0
3120	1502	1.1870	3.9514	0
3125	1503	1.1878	3.9514	0
3130	1503	1.1878	3.9524	0
3135	1504	1.1886	3.9524	0
3140	1503	1.1878	3.9544	0
3145	1502	1.1870	3.9544	0
3150	1504	1.1886	3.9554	0
3155	1503	1.1878	3.9554	0
3160	1503	1.1878	3.9544	0
3165	1504	1.1886	3.9554	0
3170	1504	1.1886	3.9574	0
3175	1503	1.1878	3.9574	0
3180	1503	1.1878	3.9584	0
3185	1503	1.1878	3.9594	0
3190	1503	1.1878	3.9594	0
3195	1503	1.1878	3.9594	0
3200	1503	1.1878	3.9604	0
3205	1502	1.1870	3.9614	0
3210	1503	1.1878	3.9614	0
3215	1503	1.1878	3.9624	0
3220	1503	1.1878	3.9645	0
3225	1503	1.1878	3.9635	0
3230	1503	1.1878	3.9635	0
3235	1503	1.1878	3.9645	0
3240	1504	1.1886	3.9655	0
3245	1503	1.1878	3.9655	0
3250	1503	1.1878	3.9665	0
3255	1502	1.1870	3.9665	0
3260	1503	1.1878	3.9685	0
3265	1503	1.1878	3.9675	0
3270	1504	1.1886	3.9685	0
3275	1502	1.1870	3.9685	0
3280	1504	1.1886	3.9695	0
3285	1502	1.1870	3.9705	0
3290	1502	1.1870	3.9715	0
3295	1503	1.1878	3.9715	0
3300	1503	1.1878	3.9725	0
3305	1503	1.1878	3.9725	0
3310	1502	1.1870	3.9735	0
3315	1503	1.1878	3.9735	0
3320	1502	1.1870	3.9745	0
3325	1503	1.1878	3.9745	0
3330	1502	1.1870	3.9745	0
3335	1504	1.1886	3.9755	0
3340	1503	1.1878	3.9755	0
3345	1502	1.1870	3.9765	0
3350	1503	1.1878	3.9775	0
3355	1503	1.1878	3.9775	0
3360	1502	1.1870	3.9795	0
3365	1501	1.1862	3.9785	0
3370	1502	1.1870	3.9795	0
3375	1503	1.1878	3.9795	0
3380	1504	1.1886	3.9795	0
3385	1503	1.1878	3.9805	0
3390	1503	1.1878	3.9815	0
3395	1502	1.1870	3.9815	0
3400	1503	1.1878	3.9825	0
3405	1502	1.1870	3.9825	0
3410	1503	1.1878	3.9835	0
3415	1503	1.1878	3.9835	0
3420	1502	1.1870	3.9855	0
3425	1502	1.1870	3.9845	0
3430	1503	1.1878	3.9855	0
3435	1502	1.1870	3.9855	0
3440	1503	1.1878	3.9865	0
3445	1504	1.1886	3.9875	0
3450	1503	1.1878	3.9875	0
3455	1502	1.1870	3.9875	0
3460	1502	1.1870	3.9885	0
3465	1502	1.1870	3.9885	0
3470	1504	1.1886	3.9885	0
3475	1502	1.1870	3.9895	0
3480	1503	1.1878	3.9906	0
3485	1504	1.1886	3.9906	0
3490	1502	1.1870	3.9916	0
3495	1502	1.1870	3.9916	0
3500	1503	1.1878	3.9916	0
3505	1502	1.1870	3.9926	0
3510	1503	1.1878	3.9936	0
3515	1502	1.1870	3.9936	0
3520	1502	1.1870	3.9936	0
3525	1503	1.1878	3.9946	0
3530	1503	1.1878	3.9946	0
3535	1503	1.1878	3.9956	0
3540	1503	1.1878	3.9976	0
3545	1503	1.1878	3.9966	0
3550	1502	1.1870	3.9966	0
3555	1502	1.1870	3.9966	0
3560	1503	1.1878	3.9976	0
3565	1503	1.1878	3.9986	0
3570	1503	1.1878	3.9996	0
3575	1502	1.1870	3.9986	0
3580	1503	1.1878	3.9986	0
3585	1502	1.1870	3.9996	0
3590	1502	1.1870	4.0006	0
3595	1504	1.1886	4.0006	0
3600	1503	1.1878	4.0006	0
3605	1502	1.1870	4.0006	0
3610	1502	1.1870	4.0026	0
3615	1503	1.1878	4.0026	0
3620	1504	1.1886	4.0016	0
3625	1502	1.1870	4.0036	0
3630	1503	1.1878	4.0036	0
3635	1502	1.1870	4.0036	0
3640	1503	1.1878	4.0036	0
3645	1503	1.1878	4.0036	0
3650	1503	1.1878	4.0056	0
3655	1502	1.1870	4.0046	0
3660	1503	1.1878	4.0066	0
3665	1503	1.1878	4.0056	0
3670	1502	1.1870	4.0066	0
3675	1503	1.1878	4.0066	0
3680	1503	1.1878	4.0076	0
3685	1501	1.1862	4.0086	0
3690	1503	1.1878	4.0086	0
3695	1502	1.1870	4.0086	0
3700	1502	1.1870	4.0096	0
3705	1503	1.1878	4.0096	0
3710	1503	1.1878	4.0106	0
3715	1501	1.1862	4.0096	0
3720	1502	1.1870	4.0106	0
3725	1502	1.1870	4.0116	0
3730	1503	1.1878	4.0116	0
3735	1502	1.1870	4.0116	0
3740	1504	1.1886	4.0126	0
3745	1502	1.1870	4.0126	0
3750	1502	1.1870	4.0126	0
3755	1502	1.1870	4.0126	0
3760	1503	1.1878	4.0136	0
3765	1502	1.1870	4.0136	0
3770	1502	1.1870	4.0146	0
3775	1502	1.1870	4.0156	0
3780	1503	1.1878	4.0156	0
3785	1501	1.1862	4.0166	0
3790	1501	1.1862	4.0176	0
3795	1502	1.1870	4.0156	0
3800	1502	1.1870	4.0166	0
3805	1502	1.1870	4.0166	0
3810	1502	1.1870	4.0187	0
3815	1502	1.1870	4.0176	0
3820	1503	1.1878	4.0187	0
3825	1502	1.1870	4.0176	0
3830	1503	1.1878	4.0207	0
3835	1501	1.1862	4.0197	0
3840	1503	1.1878	4.0207	0
3845	1502	1.1870	4.0187	0
3850	1501	1.1862	4.0217	0
3855	1503	1.1878	4.0207	0
3860	1502	1.1870	4.0227	0
3865	1502	1.1870	4.0207	0
3870	1501	1.1862	4.0227	0
3875	1502	1.1870	4.0217	0
3880	1503	1.1878	4.0237	0
3885	1501	1.1862	4.0217	0
3890	1502	1.1870	4.0217	0
3895	1502	1.1870	4.0237	0
3900	1502	1.1870	4.0237	0
3905	1502	1.1870	4.0237	0
3910	1502	1.1870	4.0247	0
3915	1503	1.1878	4.0247	0
3920	1504	1.1886	4.0257	0
3925	1502	1.1870	4.0257	0
3930	1502	1.1870	4.0267	0
3935	1501	1.1862	4.0257	0
3940	1502	1.1870	4.0277	0
3945	1502	1.1870	4.0277	0
3950	1502	1.1870	4.0267	0
3955	1502	1.1870	4.0267	0
3960	1502	1.1870	4.0277	0
3965	1501	1.1862	4.0297	0
3970	1502	1.1870	4.0297	0
3975	1502	1.1870	4.0287	0
3980	1504	1.1886	4.0297	0
3985	1501	1.1862	4.0297	0
3990	1502	1.1870	4.0307	0
3995	1502	1.1870	4.0317	0
4000	1502	1.1870	4.0307	0
4005	1502	1.1870	4.0317	0
4010	1503	1.1878	4.0307	0
4015	1502	1.1870	4.0317	0
4020	1503	1.1878	4.0327	0
4025	1502	1.1870	4.0327	0
4030	1501	1.1862	4.0327	0
4035	1503	1.1878	4.0327	0
4040	1502	1.1870	4.0337	0
4045	1502	1.1870	4.0337	0
4050	1501	1.1862	4.0347	0
4055	1503	1.1878	4.0347	0
4060	1502	1.1870	4.0357	0
4065	1502	1.1870	4.0347	0
4070	1502	1.1870	4.0357	0
4075	1501	1.1862	4.0357	0
4080	1502	1.1870	4.0367	0
4085	1501	1.1862	4.0357	0
4090	1501	1.1862	4.0377	0
4095	1502	1.1870	4.0367	0
4100	1503	1.1878	4.0367	0
4105	1503	1.1878	4.0377	0
4110	1503	1.1878	4.0397	0
4115	1502	1.1870	4.0387	0
4120	1503	1.1878	4.0377	0
4125	1501	1.1862	4.0387	0
4130	1503	1.1878	4.0397	0
4135	1502	1.1870	4.0387	0
4140	1501	1.1862	4.0407	0
4145	1502	1.1870	4.0397	0
4150	1502	1.1870	4.0427	0
4155	1502	1.1870	4.0407	0
4160	1501	1.1862	4.0417	0
4165	1502	1.1870	4.0427	0
4170	1501	1.1862	4.0417	0
4175	1502	1.1870	4.0417	0
4180	1502	1.1870	4.0437	0
4185	1502	1.1870	4.0427	0
4190	1501	1.1862	4.0427	0
4195	1500	1.1854	4.0437	0
4200	1503	1.1878	4.0447	0
4205	1501	1.1862	4.0427	0
4210	1502	1.1870	4.0437	0
4215	1503	1.1878	4.0437	0
4220	1502	1.1870	4.0447	0
4225	1501	1.1862	4.0458	0
4230	1501	1.1862	4.0447	0
4235	1503	1.1878	4.0468	0
4240	1502	1.1870	4.0468	0
4245	1504	1.1886	4.0478	0
4250	1503	1.1878	4.0488	0
4255	1501	1.1862	4.0468	0
4260	1501	1.1862	4.0488	0
4265	1503	1.1878	4.0498	0
4270	1502	1.1870	4.0478	0
4275	1503	1.1878	4.0488	0
4280	1501	1.1862	4.0488	0
4285	1502	1.1870	4.0498	0
4290	1502	1.1870	4.0508	0
4295	1502	1.1870	4.0498	0
4300	1502	1.1870	4.0508	0
4305	1502	1.1870	4.0508	0
4310	1503	1.1878	4.0528	0
4315	1501	1.1862	4.0508	0
4320	1502	1.1870	4.0508	0
4325	1502	1.1870	4.0528	0
4330	1502	1.1870	4.0528	0
4335	1502	1.1870	4.0518	0
4340	1502	1.1870	4.0528	0
4345	1502	1.1870	4.0548	0
4350	1503	1.1878	4.0528	0
4355	1501	1.1862	4.0528	0
4360	1502	1.1870	4.0528	0
4365	1501	1.1862	4.0538	0
4370	1502	1.1870	4.0558	0
4375	1502	1.1870	4.0528	0
4380	1502	1.1870	4.0548	0
4385	1501	1.1862	4.0558	0
4390	1501	1.1862	4.0558	0
4395	1502	1.1870	4.0548	0
4400	1502	1.1870	4.0568	0
4405	1501	1.1862	4.0558	0
4410	1503	1.1878	4.0578	0
4415	1502	1.1870	4.0568	0
4420	1502	1.1870	4.0568	0
4425	1502	1.1870	4.0578	0
4430	1502	1.1870	4.0588	0
4435	1502	1.1870	4.0588	0
4440	1501	1.1862	4.0578	0
4445	1502	1.1870	4.0608	0
4450	1503	1.1878	4.0588	0
4455	1502	1.1870	4.0598	0
4460	1502	1.1870	4.0608	0
4465	1501	1.1862	4.0588	0
4470	1502	1.1870	4.0608	0
4475	1502	1.1870	4.0618	0
4480	1500	1.1854	4.0618	0
4485	1501	1.1862	4.0618	0
4490	1501	1.1862	4.0608	0
4495	1502	1.1870	4.0628	0
4500	1502	1.1870	4.0608	0
4505	1502	1.1870	4.0618	0
4510	1502	1.1870	4.0638	0
4515	1502	1.1870	4.0618	0
4520	1502	1.1870	4.0648	0
4525	1501	1.1862	4.0628	0
4530	1503	1.1878	4.0638	0
4535	1501	1.1862	4.0618	0
4540	1502	1.1870	4.0638	0
4545	1502	1.1870	4.0628	0
4550	1502	1.1870	4.0658	0
4555	1502	1.1870	4.0638	0
4560	1502	1.1870	4.0648	0
4565	1502	1.1870	4.0668	0
4570	1503	1.1878	4.0648	0
4575	1501	1.1862	4.0658	0
4580	1501	1.1862	4.0658	0
4585	1502	1.1870	4.0678	0
4590	1502	1.1870	4.0658	0
4595	1503	1.1878	4.0688	0
4600	1501	1.1862	4.0678	0
4605	1502	1.1870	4.0688	0
4610	1502	1.1870	4.0668	0
4615	1502	1.1870	4.0678	0
4620	1502	1.1870	4.0698	0
4625	1501	1.1862	4.0678	0
4630	1502	1.1870	4.0698	0
4635	1501	1.1862	4.0708	0
4640	1501	1.1862	4.0708	0
4645	1502	1.1870	4.0688	0
4650	1501	1.1862	4.0729	0
4655	1501	1.1862	4.0718	0
4660	1501	1.1862	4.0718	0
4665	1501	1.1862	4.0708	0
4670	1501	1.1862	4.0729	0
4675	1501	1.1862	4.0698	0
4680	1501	1.1862	4.0729	0
4685	1502	1.1870	4.0718	0
4690	1503	1.1878	4.0718	0
4695	1501	1.1862	4.0718	0
4700	1503	1.1878	4.0749	0
4705	1502	1.1870	4.0729	0
4710	1501	1.1862	4.0769	0
4715	1502	1.1870	4.0749	0
4720	1502	1.1870	4.0739	0
4725	1502	1.1870	4.0779	0
4730	1501	1.1862	4.0759	0
4735	1501	1.1862	4.0759	0
4740	1502	1.1870	4.0759	0
4745	1503	1.1878	4.0769	0
4750	1502	1.1870	4.0789	0
4755	1502	1.1870	4.0779	0
4760	1502	1.1870	4.0759	0
4765	1502	1.1870	4.0769	0
4770	1501	1.1862	4.0789	0
4775	1503	1.1878	4.0759	0
4780	1502	1.1870	4.0779	0
4785	1502	1.1870	4.0759	0
4790	1501	1.1862	4.0779	0
4795	1501	1.1862	4.0789	0
4800	1502	1.1870	4.0819	0
4805	1501	1.1862	4.0779	0
4810	1502	1.1870	4.0779	0
4815	1501	1.1862	4.0809	0
4820	1501	1.1862	4.0799	0
4825	1501	1.1862	4.0799	0
4830	1502	1.1870	4.0809	0
4835	1501	1.1862	4.0799	0
4840	1502	1.1870	4.0799	0
4845	1501	1.1862	4.0839	0
4850	1503	1.1878	4.0809	0
4855	1501	1.1862	4.0829	0
4860	1502	1.1870	4.0819	0
4865	1502	1.1870	4.0839	0
4870	1501	1.1862	4.0839	0
4875	1500	1.1854	4.0839	0
4880	1502	1.1870	4.0849	0
4885	1501	1.1862	4.0819	0
4890	1501	1.1862	4.0839	0
4895	1501	1.1862	4.0829	0
4900	1502	1.1870	4.0839	0
4905	1502	1.1870	4.0859	0
4910	1502	1.1870	4.0839	0
4915	1502	1.1870	4.0879	0
4920	1502	1.1870	4.0859	0
4925	1502	1.1870	4.0869	0
4930	1502	1.1870	4.0889	0
4935	1502	1.1870	4.0879	0
4940	1501	1.1862	4.0849	0
4945	1502	1.1870	4.0859	0
4950	1501	1.1862	4.0899	0
4955	1501	1.1862	4.0889	0
4960	1501	1.1862	4.0869	0
4965	1501	1.1862	4.0889	0
4970	1501	1.1862	4.0889	0
4975	1500	1.1854	4.0909	0
4980	1502	1.1870	4.0899	0
4985	1501	1.1862	4.0899	0
4990	1501	1.1862	4.0919	0
4995	1500	1.1854	4.0889	0
5000	1501	1.1862	4.0919	0
5005	1501	1.1862	4.0909	0
5010	1503	1.1878	4.0919	0
5015	1500	1.1854	4.0889	0
5020	1501	1.1862	4.0919	0
5025	1501	1.1862	4.0919	0
5030	1502	1.1870	4.0909	0
5035	1503	1.1878	4.0929	0
5040	1503	1.1878	4.0919	0
5045	1501	1.1862	4.0929	0
5050	1503	1.1878	4.0939	0
5055	1500	1.1854	4.0949	0
5060	1500	1.1854	4.0939	0
5065	1501	1.1862	4.0939	0
5070	1502	1.1870	4.0969	0
5075	1501	1.1862	4.0929	0
5080	1503	1.1878	4.0969	0
5085	1500	1.1854	4.0939	0
5090	1501	1.1862	4.0959	0
5095	1502	1.1870	4.0959	0
5100	1501	1.1862	4.0949	0
5105	1502	1.1870	4.0969	0
5110	1501	1.1862	4.0979	0
5115	1500	1.1854	4.0959	0
5120	1501	1.1862	4.0979	0
5125	1501	1.1862	4.0979	0
5130	1501	1.1862	4.0989	0
5135	1502	1.1870	4.0969	0
5140	1501	1.1862	4.0999	0
5145	1501	1.1862	4.0979	0
5150	1502	1.1870	4.0999	0
5155	1502	1.1870	4.1010	0
5160	1502	1.1870	4.1020	0
5165	1502	1.1870	4.1020	0
5170	1502	1.1870	4.1010	0
5175	1502	1.1870	4.0989	0
5180	1501	1.1862	4.0999	0
5185	1501	1.1862	4.1020	0
5190	1502	1.1870	4.1010	0
5195	1500	1.1854	4.0999	0
5200	1501	1.1862	4.1030	0
5205	1501	1.1862	4.1010	0
5210	1501	1.1862	4.1030	0
5215	1500	1.1854	4.1040	0
5220	1501	1.1862	4.1040	0
5225	1501	1.1862	4.1020	0
5230	1502	1.1870	4.1050	0
5235	1502	1.1870	4.1060	0
5240	1501	1.1862	4.1030	0
5245	1499	1.1846	4.1040	0
5250	1500	1.1854	4.1060	0
5255	1501	1.1862	4.1040	0
5260	1500	1.1854	4.1060	0
5265	1498	1.1838	4.1050	0
5270	1499	1.1846	4.1060	0
5275	1498	1.1838	4.1060	0
5280	1497	1.1831	4.1060	0
5285	1495	1.1815	4.1060	0
5290	1495	1.1815	4.1060	0
5295	1495	1.1815	4.1060	0
5300	1493	1.1799	4.1070	0
5305	1492	1.1791	4.1070	0
5310	1492	1.1791	4.1070	0
5315	1491	1.1783	4.1070	0
5320	1491	1.1783	4.1080	0
5325	1490	1.1775	4.1080	0
5330	1489	1.1767	4.1080	0
5335	1487	1.1752	4.1080	0
5340	1487	1.1752	4.1080	0
5345	1485	1.1736	4.1080	0
5350	1484	1.1728	4.1090	0
5355	1484	1.1728	4.1080	0
5360	1483	1.1720	4.1080	0
5365	1481	1.1704	4.1080	0
5370	1480	1.1696	4.1090	0
5375	1479	1.1688	4.1090	0
5380	1479	1.1688	4.1090	0
5385	1479	1.1688	4.1090	0
5390	1478	1.1680	4.1090	0
5395	1475	1.1657	4.1090	0
5400	1476	1.1665	4.1090	0
5405	1474	1.1649	4.1090	0
5410	1473	1.1641	4.1090	0
5415	1473	1.1641	4.1090	0
5420	1472	1.1633	4.1090	0
5425	1470	1.1617	4.1090	0
5430	1469	1.1609	4.1090	0
5435	1468	1.1601	4.1090	0
5440	1466	1.1586	4.1090	0
5445	1466	1.1586	4.1090	0
5450	1466	1.1586	4.1090	0
5455	1465	1.1578	4.1090	0
5460	1463	1.1562	4.1090	0
5465	1463	1.1562	4.1090	0
5470	1463	1.1562	4.1090	0
5475	1460	1.1538	4.1090	0
5480	1459	1.1530	4.1090	0
5485	1460	1.1538	4.1090	0
5490	1456	1.1507	4.1090	0
5495	1456	1.1507	4.1090	0
5500	1455	1.1499	4.1090	0
5505	1453	1.1483	4.1090	0
5510	1453	1.1483	4.1090	0
5515	1451	1.1467	4.1090	0
5520	1450	1.1459	4.1090	0
5525	1450	1.1459	4.1090	0
5530	1449	1.1451	4.1090	0
5535	1446	1.1427	4.1100	0
5540	1446	1.1427	4.1090	0
5545	1445	1.1420	4.1090	0
5550	1443	1.1404	4.1090	0
5555	1442	1.1396	4.1100	0
5560	1442	1.1396	4.1090	0
5565	1442	1.1396	4.1100	0
5570	1440	1.1380	4.1090	0
5575	1438	1.1364	4.1090	0
5580	1437	1.1356	4.1090	0
5585	1436	1.1348	4.1090	0
5590	1435	1.1341	4.1090	0
5595	1434	1.1333	4.1090	0
5600	1432	1.1317	4.1090	0
5605	1431	1.1309	4.1090	0
5610	1429	1.1293	4.1090	0
5615	1428	1.1285	4.1090	0
5620	1428	1.1285	4.1090	0
5625	1426	1.1269	4.1090	0
5630	1426	1.1269	4.1090	0
5635	1425	1.1262	4.1090	0
5640	1423	1.1246	4.1090	0
5645	1422	1.1238	4.1090	0
5650	1421	1.1230	4.1090	0
5655	1419	1.1214	4.1090	0
5660	1419	1.1214	4.1090	0
5665	1417	1.1198	4.1100	0
5670	1416	1.1190	4.1090	0
5675	1415	1.1183	4.1090	0
5680	1414	1.1175	4.1090	0
5685	1412	1.1159	4.1090	0
5690	1411	1.1151	4.1090	0
5695	1408	1.1127	4.1100	0
5700	1408	1.1127	4.1090	0
5705	1406	1.1111	4.1090	0
5710	1407	1.1119	4.1100	0
5715	1405	1.1103	4.1090	0
5720	1404	1.1096	4.1090	0
5725	1401	1.1072	4.1090	0
5730	1400	1.1064	4.1090	0
5735	1400	1.1064	4.1090	0
5740	1398	1.1048	4.1100	0
5745	1396	1.1032	4.1090	0
5750	1394	1.1017	4.1090	0
5755	1394	1.1017	4.1100	0
5760	1391	1.0993	4.1090	0
5765	1391	1.0993	4.1090	0
5770	1391	1.0993	4.1100	0
5775	1388	1.0969	4.1090	0
5780	1387	1.0961	4.1090	0
5785	1386	1.0953	4.1090	0
5790	1385	1.0945	4.1090	0
5795	1385	1.0945	4.1100	0
5800	1382	1.0922	4.1100	0
5805	1380	1.0906	4.1100	0
5810	1380	1.0906	4.1100	0
5815	1379	1.0898	4.1090	0
5820	1377	1.0882	4.1090	0
5825	1375	1.0866	4.1090	0
5830	1375	1.0866	4.1100	0
5835	1373	1.0851	4.1090	0
5840	1372	1.0843	4.1090	0
5845	1370	1.0827	4.1100	0
5850	1368	1.0811	4.1100	0
5855	1368	1.0811	4.1090	0
5860	1365	1.0787	4.1090	0
5865	1365	1.0787	4.1100	0
5870	1364	1.0779	4.1090	0
5875	1361	1.0756	4.1100	0
5880	1361	1.0756	4.1100	0
5885	1358	1.0732	4.1090	0
5890	1359	1.0740	4.1090	0
5895	1357	1.0724	4.1090	0
5900	1355	1.0708	4.1090	0
5905	1353	1.0693	4.1090	0
5910	1352	1.0685	4.1090	0
5915	1349	1.0661	4.1090	0
5920	1349	1.0661	4.1090	0
5925	1347	1.0645	4.1090	0
5930	1346	1.0637	4.1090	0
5935	1344	1.0621	4.1090	0
5940	1344	1.0621	4.1090	0
5945	1340	1.0590	4.1090	0
5950	1341	1.0598	4.1090	0
5955	1339	1.0582	4.1090	0
5960	1338	1.0574	4.1100	0
5965	1337	1.0566	4.1100	0
5970	1335	1.0550	4.1090	0
5975	1333	1.0534	4.1090	0
5980	1333	1.0534	4.1090	0
5985	1331	1.0519	4.1090	0
5990	1329	1.0503	4.1100	0
5995	1327	1.0487	4.1090	0
6000	1326	1.0479	4.1090	0
6005	1324	1.0463	4.1090	0
6010	1323	1.0455	4.1100	0
6015	1322	1.0448	4.1090	0
6020	1320	1.0432	4.1090	0
6025	1319	1.0424	4.1090	0
6030	1318	1.0416	4.1100	0
6035	1316	1.0400	4.1100	0
6040	1316	1.0400	4.1100	0
6045	1313	1.0376	4.1090	0
6050	1312	1.0369	4.1090	0
6055	1310	1.0353	4.1090	0
6060	1310	1.0353	4.1090	0
6065	1308	1.0337	4.1090	0
6070	1306	1.0321	4.1090	0
6075	1305	1.0313	4.1100	0
6080	1304	1.0305	4.1100	0
6085	1302	1.0289	4.1090	0
6090	1301	1.0282	4.1090	0
6095	1298	1.0258	4.1090	0
6100	1297	1.0250	4.1090	0
6105	1294	1.0226	4.1100	0
6110	1293	1.0218	4.1090	0
6115	1293	1.0218	4.1090	0
6120	1291	1.0203	4.1090	0
6125	1290	1.0195	4.1090	0
6130	1289	1.0187	4.1090	0
6135	1287	1.0171	4.1090	0
6140	1286	1.0163	4.1100	0
6145	1283	1.0139	4.1090	0
6150	1282	1.0131	4.1090	0
6155	1283	1.0139	4.1090	0
6160	1281	1.0124	4.1090	0
6165	1277	1.0092	4.1090	0
6170	1277	1.0092	4.1090	0
6175	1276	1.0084	4.1090	0
6180	1273	1.0060	4.1090	0
6185	1272	1.0052	4.1090	0
6190	1272	1.0052	4.1100	0
6195	1270	1.0037	4.1090	0
6200	1269	1.0029	4.1090	0
6205	1267	1.0013	4.1090	0
6210	1265	0.9997	4.1090	0
6215	1264	0.9989	4.1090	0
6220	1263	0.9981	4.1090	0
6225	1261	0.9965	4.1090	0
6230	1260	0.9958	4.1090	0
6235	1259	0.9950	4.1100	0
6240	1258	0.9942	4.1090	0
6245	1256	0.9926	4.1090	0
6250	1254	0.9910	4.1100	0
6255	1253	0.9902	4.1100	0
6260	1252	0.9894	4.1090	0
6265	1249	0.9871	4.1090	0
6270	1250	0.9879	4.1090	0
6275	1247	0.9855	4.1090	0
6280	1247	0.9855	4.1090	0
6285	1243	0.9823	4.1090	0
6290	1243	0.9823	4.1090	0
6295	1240	0.9800	4.1090	0
6300	1239	0.9792	4.1100	0
6305	1238	0.9784	4.1090	0
6310	1238	0.9784	4.1090	0
6315	1236	0.9768	4.1100	0
6320	1235	0.9760	4.1090	0
6325	1232	0.9736	4.1090	0
6330	1232	0.9736	4.1090	0
6335	1231	0.9728	4.1090	0
6340	1228	0.9705	4.1090	0
6345	1226	0.9689	4.1090	0
6350	1227	0.9697	4.1100	0
6355	1225	0.9681	4.1100	0
6360	1224	0.9673	4.1090	0
6365	1222	0.9657	4.1090	0
6370	1219	0.9634	4.1090	0
6375	1219	0.9634	4.1090	0
6380	1217	0.9618	4.1090	0
6385	1214	0.9594	4.1090	0
6390	1216	0.9610	4.1100	0
6395	1212	0.9578	4.1100	0
6400	1212	0.9578	4.1090	0
6405	1210	0.9562	4.1100	0
6410	1209	0.9555	4.1090	0
6415	1208	0.9547	4.1100	0
6420	1205	0.9523	4.1090	0
6425	1203	0.9507	4.1090	0
6430	1202	0.9499	4.1090	0
6435	1202	0.9499	4.1090	0
6440	1201	0.9491	4.1100	0
6445	1198	0.9468	4.1090	0
6450	1198	0.9468	4.1090	0
6455	1195	0.9444	4.1100	0
6460	1194	0.9436	4.1100	0
6465	1192	0.9420	4.1090	0
6470	1192	0.9420	4.1090	0
6475	1191	0.9412	4.1100	0
6480	1189	0.9396	4.1090	0
6485	1188	0.9389	4.1090	0
6490	1186	0.9373	4.1090	0
6495	1185	0.9365	4.1090	0
6500	1183	0.9349	4.1090	0
6505	1181	0.9333	4.1090	0
6510	1180	0.9325	4.1090	0
6515	1178	0.9310	4.1100	0
6520	1176	0.9294	4.1100	0
6525	1175	0.9286	4.1100	0
6530	1173	0.9270	4.1090	0
6535	1173	0.9270	4.1090	0
6540	1170	0.9246	4.1090	0
6545	1171	0.9254	4.1100	0
6550	1168	0.9231	4.1090	0
6555	1167	0.9223	4.1090	0
6560	1164	0.9199	4.1090	0
6565	1164	0.9199	4.1090	0
6570	1162	0.9183	4.1090	0
6575	1160	0.9167	4.1090	0
6580	1158	0.9151	4.1090	0
6585	1158	0.9151	4.1090	0
6590	1155	0.9128	4.1100	0
6595	1155	0.9128	4.1100	0
6600	1153	0.9112	4.1090	0
6605	1150	0.9088	4.1090	0
6610	1149	0.9080	4.1100	0
6615	1148	0.9072	4.1090	0
6620	1146	0.9057	4.1090	0
6625	1146	0.9057	4.1090	0
6630	1144	0.9041	4.1090	0
6635	1142	0.9025	4.1090	0
6640	1143	0.9033	4.1090	0
6645	1139	0.9001	4.1100	0
6650	1138	0.8993	4.1100	0
6655	1136	0.8978	4.1100	0
6660	1134	0.8962	4.1090	0
6665	1133	0.8954	4.1100	0
6670	1132	0.8946	4.1090	0
6675	1130	0.8930	4.1090	0
6680	1129	0.8922	4.1090	0
6685	1126	0.8899	4.1090	0
6690	1126	0.8899	4.1100	0
6695	1124	0.8883	4.1090	0
6700	1123	0.8875	4.1090	0
6705	1121	0.8859	4.1090	0
6710	1120	0.8851	4.1090	0
6715	1118	0.8835	4.1090	0
6720	1117	0.8827	4.1100	0
6725	1116	0.8820	4.1090	0
6730	1114	0.8804	4.1090	0
6735	1112	0.8788	4.1100	0
6740	1110	0.8772	4.1090	0
6745	1109	0.8764	4.1090	0
6750	1108	0.8756	4.1090	0
6755	1106	0.8741	4.1090	0
6760	1104	0.8725	4.1090	0
6765	1104	0.8725	4.1090	0
6770	1102	0.8709	4.1090	0
6775	1099	0.8685	4.1090	0
6780	1098	0.8677	4.1090	0
6785	1095	0.8654	4.1090	0
6790	1095	0.8654	4.1090	0
6795	1094	0.8646	4.1090	0
6800	1093	0.8638	4.1090	0
6805	1090	0.8614	4.1090	0
6810	1089	0.8606	4.1090	0
6815	1088	0.8598	4.1090	0
6820	1087	0.8590	4.1090	0
6825	1086	0.8582	4.1090	0
6830	1083	0.8559	4.1090	0
6835	1082	0.8551	4.1090	0
6840	1080	0.8535	4.1100	0
6845	1080	0.8535	4.1090	0
6850	1075	0.8496	4.1090	0
6855	1075	0.8496	4.1090	0
6860	1075	0.8496	4.1090	0
6865	1073	0.8480	4.1090	0
6870	1072	0.8472	4.1100	0
6875	1071	0.8464	4.1090	0
6880	1067	0.8432	4.1100	0
6885	1067	0.8432	4.1090	0
6890	1064	0.8409	4.1090	0
6895	1063	0.8401	4.1090	0
6900	1062	0.8393	4.1100	0
6905	1062	0.8393	4.1090	0
6910	1058	0.8361	4.1090	0
6915	1058	0.8361	4.1090	0
6920	1058	0.8361	4.1090	0
6925	1054	0.8330	4.1100	0
6930	1053	0.8322	4.1090	0
6935	1050	0.8298	4.1090	0
6940	1052	0.8314	4.1090	0
6945	1049	0.8290	4.1090	0
6950	1047	0.8274	4.1100	0
6955	1046	0.8266	4.1090	0
6960	1042	0.8235	4.1090	0
6965	1042	0.8235	4.1100	0
6970	1041	0.8227	4.1090	0
6975	1038	0.8203	4.1090	0
6980	1038	0.8203	4.1090	0
6985	1037	0.8195	4.1100	0
6990	1034	0.8172	4.1100	0
6995	1034	0.8172	4.1090	0
7000	1032	0.8156	4.1090	0
7005	1030	0.8140	4.1090	0
7010	1029	0.8132	4.1100	0
7015	1027	0.8116	4.1100	0
7020	1025	0.8100	4.1090	0
7025	1025	0.8100	4.1090	0
7030	1024	0.8092	4.1090	0
7035	1021	0.8069	4.1090	0
7040	1023	0.8085	4.1090	0
7045	1020	0.8061	4.1090	0
7050	1016	0.8029	4.1090	0
7055	1016	0.8029	4.1090	0
7060	1014	0.8013	4.1090	0
7065	1014	0.8013	4.1090	0
7070	1012	0.7998	4.1090	0
7075	1010	0.7982	4.1090	0
7080	1009	0.7974	4.1090	0
7085	1008	0.7966	4.1090	0
7090	1005	0.7942	4.1090	0
7095	1004	0.7934	4.1090	0
7100	1003	0.7927	4.1100	0
7105	1002	0.7919	4.1090	0
7110	999	0.7895	4.1090	0
7115	997	0.7879	4.1090	0
7120	995	0.7863	4.1090	0
7125	995	0.7863	4.1090	0
7130	991	0.7832	4.1090	0
7135	992	0.7840	4.1090	0
7140	991	0.7832	4.1090	0
7145	989	0.7816	4.1100	0
7150	988	0.7808	4.1090	0
7155	986	0.7792	4.1090	0
7160	984	0.7776	4.1090	0
7165	982	0.7761	4.1090	0
7170	983	0.7768	4.1090	0
7175	980	0.7745	4.1090	0
7180	979	0.7737	4.1090	0
7185	976	0.7713	4.1090	0
7190	975	0.7705	4.1090	0
7195	974	0.7697	4.1090	0
7200	972	0.7682	4.1090	0
7205	971	0.7674	4.1100	0
7210	970	0.7666	4.1090	0
7215	968	0.7650	4.1090	0
7220	965	0.7626	4.1100	0
7225	964	0.7618	4.1090	0
7230	964	0.7618	4.1090	0
7235	962	0.7603	4.1100	0
7240	961	0.7595	4.1090	0
7245	958	0.7571	4.1100	0
7250	957	0.7563	4.1090	0
7255	954	0.7539	4.1100	0
7260	954	0.7539	4.1090	0
7265	953	0.7531	4.1090	0
7270	951	0.7516	4.1090	0
7275	949	0.7500	4.1090	0
7280	948	0.7492	4.1090	0
7285	947	0.7484	4.1090	0
7290	946	0.7476	4.1090	0
7295	944	0.7460	4.1090	0
7300	943	0.7452	4.1090	0
7305	940	0.7429	4.1090	0
7310	938	0.7413	4.1090	0
7315	937	0.7405	4.1090	0
7320	937	0.7405	4.1090	0
7325	936	0.7397	4.1090	0
7330	933	0.7373	4.1100	0
7335	933	0.7373	4.1090	0
7340	931	0.7358	4.1090	0
7345	929	0.7342	4.1100	0
7350	928	0.7334	4.1090	0
7355	926	0.7318	4.1090	0
7360	925	0.7310	4.1100	0
7365	924	0.7302	4.1090	0
7370	922	0.7286	4.1090	0
7375	922	0.7286	4.1090	0
7380	918	0.7255	4.1090	0
7385	917	0.7247	4.1090	0
7390	915	0.7231	4.1090	0
7395	913	0.7215	4.1090	0
7400	913	0.7215	4.1090	0
7405	912	0.7207	4.1090	0
7410	909	0.7184	4.1100	0
7415	909	0.7184	4.1090	0
7420	907	0.7168	4.1090	0
7425	905	0.7152	4.1090	0
7430	904	0.7144	4.1090	0
7435	902	0.7128	4.1090	0
7440	899	0.7105	4.1090	0
7445	899	0.7105	4.1090	0
7450	898	0.7097	4.1090	0
7455	896	0.7081	4.1090	0
7460	895	0.7073	4.1090	0
7465	894	0.7065	4.1090	0
7470	891	0.7041	4.1090	0
7475	890	0.7034	4.1090	0
7480	888	0.7018	4.1090	0
7485	888	0.7018	4.1090	0
7490	885	0.6994	4.1090	0
7495	883	0.6978	4.1090	0
7500	883	0.6978	4.1100	0
7505	881	0.6962	4.1090	0
7510	879	0.6947	4.1090	0
7515	877	0.6931	4.1090	0
7520	877	0.6931	4.1090	0
7525	874	0.6907	4.1090	0
7530	873	0.6899	4.1090	0
7535	873	0.6899	4.1090	0
7540	869	0.6868	4.1090	0
7545	869	0.6868	4.1090	0
7550	868	0.6860	4.1090	0
7555	864	0.6828	4.1090	0
7560	865	0.6836	4.1090	0
7565	863	0.6820	4.1090	0
7570	862	0.6812	4.1090	0
7575	860	0.6796	4.1100	0
7580	857	0.6773	4.1090	0
7585	855	0.6757	4.1090	0
7590	854	0.6749	4.1090	0
7595	853	0.6741	4.1090	0
7600	853	0.6741	4.1090	0
7605	851	0.6725	4.1090	0
7610	850	0.6717	4.1090	0
7615	847	0.6694	4.1100	0
7620	846	0.6686	4.1090	0
7625	844	0.6670	4.1090	0
7630	843	0.6662	4.1090	0
7635	842	0.6654	4.1090	0
7640	841	0.6646	4.1090	0
7645	839	0.6630	4.1090	0
7650	838	0.6623	4.1090	0
7655	836	0.6607	4.1100	0
7660	833	0.6583	4.1090	0
7665	831	0.6567	4.1090	0
7670	833	0.6583	4.1090	0
7675	828	0.6544	4.1090	0
7680	828	0.6544	4.1090	0
7685	825	0.6520	4.1090	0
7690	824	0.6512	4.1090	0
7695	825	0.6520	4.1090	0
7700	821	0.6488	4.1090	0
7705	820	0.6480	4.1090	0
7710	819	0.6472	4.1090	0
7715	817	0.6457	4.1090	0
7720	814	0.6433	4.1090	0
7725	815	0.6441	4.1090	0
7730	812	0.6417	4.1090	0
7735	811	0.6409	4.1090	0
7740	810	0.6401	4.1090	0
7745	807	0.6378	4.1090	0
7750	807	0.6378	4.1090	0
7755	802	0.6338	4.1090	0
7760	799	0.6314	4.1090	0
7765	801	0.6330	4.1090	0
7770	799	0.6314	4.1090	0
7775	797	0.6299	4.1090	0
7780	797	0.6299	4.1090	0
7785	794	0.6275	4.1080	0
7790	793	0.6267	4.1080	0
7795	791	0.6251	4.1080	0
7800	790	0.6243	4.1090	0
7805	789	0.6235	4.1090	0
7810	788	0.6227	4.1090	0
7815	787	0.6220	4.1090	0
7820	785	0.6204	4.1090	0
7825	783	0.6188	4.1080	0
7830	781	0.6172	4.1090	0
7835	781	0.6172	4.1090	0
7840	780	0.6164	4.1090	0
7845	777	0.6141	4.1080	0
7850	776	0.6133	4.1080	0
7855	775	0.6125	4.1090	0
7860	772	0.6101	4.1090	0
7865	771	0.6093	4.1090	0
7870	770	0.6085	4.1090	0
7875	768	0.6069	4.1090	0
7880	767	0.6061	4.1090	0
7885	766	0.6054	4.1080	0
7890	764	0.6038	4.1090	0
7895	761	0.6014	4.1090	0
7900	760	0.6006	4.1090	0
7905	759	0.5998	4.1070	0
7910	759	0.5998	4.1080	0
7915	756	0.5975	4.1090	0
7920	755	0.5967	4.1080	0
7925	753	0.5951	4.1090	0
7930	752	0.5943	4.1090	0
7935	750	0.5927	4.1090	0
7940	750	0.5927	4.1080	0
7945	748	0.5911	4.1080	0
7950	746	0.5896	4.1100	0
7955	744	0.5880	4.1080	0
7960	743	0.5872	4.1090	0
7965	742	0.5864	4.1090	0
7970	741	0.5856	4.1090	0
7975	738	0.5832	4.1080	0
7980	737	0.5824	4.1090	0
7985	734	0.5801	4.1080	0
7990	734	0.5801	4.1090	0
7995	732	0.5785	4.1080	0
8000	731	0.5777	4.1090	0
8005	728	0.5753	4.1090	0
8010	728	0.5753	4.1090	0
8015	726	0.5737	4.1080	0
8020	724	0.5722	4.1090	0
8025	723	0.5714	4.1090	0
8030	723	0.5714	4.1090	0
8035	721	0.5698	4.1080	0
8040	719	0.5682	4.1090	0
8045	718	0.5674	4.1090	0
8050	716	0.5658	4.1090	0
8055	715	0.5651	4.1080	0
8060	713	0.5635	4.1080	0
8065	712	0.5627	4.1090	0
8070	710	0.5611	4.1090	0
8075	708	0.5595	4.1080	0
8080	709	0.5603	4.1090	0
8085	706	0.5579	4.1080	0
8090	704	0.5564	4.1080	0
8095	704	0.5564	4.1080	0
8100	700	0.5532	4.1090	0
8105	699	0.5524	4.1080	0
8110	699	0.5524	4.1090	0
8115	697	0.5508	4.1090	0
8120	695	0.5492	4.1080	0
8125	695	0.5492	4.1090	0
8130	692	0.5469	4.1090	0
8135	691	0.5461	4.1090	0
8140	690	0.5453	4.1080	0
8145	688	0.5437	4.1090	0
8150	686	0.5421	4.1090	0
8155	685	0.5413	4.1090	0
8160	684	0.5406	4.1090	0
8165	681	0.5382	4.1080	0
8170	681	0.5382	4.1090	0
8175	678	0.5358	4.1080	0
8180	678	0.5358	4.1080	0
8185	677	0.5350	4.1080	0
8190	676	0.5342	4.1090	0
8195	673	0.5319	4.1090	0
8200	672	0.5311	4.1080	0
8205	670	0.5295	4.1090	0
8210	670	0.5295	4.1090	0
8215	667	0.5271	4.1080	0
8220	668	0.5279	4.1090	0
8225	664	0.5247	4.1080	0
8230	664	0.5247	4.1090	0
8235	661	0.5224	4.1090	0
8240	663	0.5240	4.1080	0
8245	660	0.5216	4.1080	0
8250	656	0.5184	4.1090	0
8255	656	0.5184	4.1080	0
8260	654	0.5168	4.1090	0
8265	652	0.5153	4.1090	0
8270	653	0.5161	4.1080	0
8275	651	0.5145	4.1090	0
8280	650	0.5137	4.1090	0
8285	648	0.5121	4.1090	0
8290	645	0.5097	4.1090	0
8295	646	0.5105	4.1090	0
8300	645	0.5097	4.1090	0
8305	642	0.5074	4.1080	0
8310	640	0.5058	4.1080	0
8315	639	0.5050	4.1080	0
8320	639	0.5050	4.1090	0
8325	635	0.5018	4.1080	0
8330	634	0.5010	4.1080	0
8335	634	0.5010	4.1090	0
8340	633	0.5002	4.1090	0
8345	630	0.4979	4.1080	0
8350	629	0.4971	4.1080	0
8355	627	0.4955	4.1080	0
8360	627	0.4955	4.1080	0
8365	624	0.4931	4.1080	0
8370	624	0.4931	4.1090	0
8375	622	0.4916	4.1090	0
8380	620	0.4900	4.1080	0
8385	620	0.4900	4.1080	0
8390	618	0.4884	4.1080	0
8395	615	0.4860	4.1080	0
8400	614	0.4852	4.1090	0
8405	613	0.4844	4.1080	0
8410	611	0.4829	4.1080	0
8415	610	0.4821	4.1090	0
8420	609	0.4813	4.1090	0
8425	608	0.4805	4.1080	0
8430	607	0.4797	4.1090	0
8435	605	0.4781	4.1090	0
8440	604	0.4773	4.1090	0
8445	603	0.4765	4.1090	0
8450	599	0.4734	4.1080	0
8455	599	0.4734	4.1090	0
8460	599	0.4734	4.1090	0
8465	597	0.4718	4.1080	0
8470	595	0.4702	4.1090	0
8475	594	0.4694	4.1080	0
8480	593	0.4686	4.1080	0
8485	592	0.4678	4.1080	0
8490	590	0.4663	4.1090	0
8495	588	0.4647	4.1080	0
8500	588	0.4647	4.1090	0
8505	586	0.4631	4.1080	0
8510	586	0.4631	4.1090	0
8515	583	0.4607	4.1080	0
8520	582	0.4599	4.1090	0
8525	581	0.4592	4.1080	0
8530	579	0.4576	4.1090	0
8535	575	0.4544	4.1080	0
8540	577	0.4560	4.1090	0
8545	574	0.4536	4.1090	0
8550	573	0.4528	4.1090	0
8555	572	0.4520	4.1080	0
8560	570	0.4505	4.1090	0
8565	568	0.4489	4.1090	0
8570	568	0.4489	4.1090	0
8575	568	0.4489	4.1090	0
8580	565	0.4465	4.1080	0
8585	562	0.4441	4.1080	0
8590	561	0.4433	4.1080	0
8595	561	0.4433	4.1080	0
8600	558	0.4410	4.1090	0
8605	558	0.4410	4.1090	0
8610	556	0.4394	4.1090	0
8615	555	0.4386	4.1090	0
8620	554	0.4378	4.1090	0
8625	552	0.4362	4.1090	0
8630	552	0.4362	4.1090	0
8635	549	0.4339	4.1090	0
8640	549	0.4339	4.1090	0
8645	548	0.4331	4.1090	0
8650	546	0.4315	4.1090	0
8655	545	0.4307	4.1080	0
8660	544	0.4299	4.1080	0
8665	542	0.4283	4.1080	0
8670	540	0.4268	4.1090	0
8675	539	0.4260	4.1080	0
8680	539	0.4260	4.1080	0
8685	537	0.4244	4.1080	0
8690	536	0.4236	4.1080	0
8695	534	0.4220	4.1080	0
8700	532	0.4204	4.1090	0
8705	531	0.4196	4.1090	0
8710	530	0.4189	4.1090	0
8715	529	0.4181	4.1080	0
8720	527	0.4165	4.1090	0
8725	527	0.4165	4.1090	0
8730	525	0.4149	4.1090	0
8735	524	0.4141	4.1080	0
8740	524	0.4141	4.1090	0
8745	521	0.4117	4.1090	0
8750	520	0.4109	4.1090	0
8755	518	0.4094	4.1090	0
8760	517	0.4086	4.1090	0
8765	517	0.4086	4.1080	0
8770	516	0.4078	4.1090	0
8775	514	0.4062	4.1090	0
8780	513	0.4054	4.1090	0
8785	512	0.4046	4.1080	0
8790	512	0.4046	4.1090	0
8795	511	0.4038	4.1080	0
8800	511	0.4038	4.1090	0
8805	511	0.4038	4.1080	0
8810	511	0.4038	4.1090	0
8815	510	0.4030	4.1080	0
8820	509	0.4023	4.1090	0
8825	509	0.4023	4.1090	0
8830	508	0.4015	4.1080	0
8835	508	0.4015	4.1090	0
8840	505	0.3991	4.1090	0
8845	504	0.3983	4.1090	0
8850	504	0.3983	4.1090	0
8855	502	0.3967	4.1090	0
8860	502	0.3967	4.1090	0
8865	499	0.3944	4.1080	0
8870	500	0.3951	4.1090	0
8875	497	0.3928	4.1090	0
8880	497	0.3928	4.1080	0
8885	495	0.3912	4.1090	0
8890	495	0.3912	4.1090	0
8895	493	0.3896	4.1090	0
8900	492	0.3888	4.1090	0
8905	490	0.3872	4.1080	0
8910	488	0.3857	4.1080	0
8915	488	0.3857	4.1080	0
8920	487	0.3849	4.1080	0
8925	487	0.3849	4.1090	0
8930	484	0.3825	4.1090	0
8935	483	0.3817	4.1090	0
8940	483	0.3817	4.1090	0
8945	480	0.3793	4.1080	0
8950	480	0.3793	4.1090	0
8955	478	0.3778	4.1090	0
8960	477	0.3770	4.1090	0
8965	476	0.3762	4.1090	0
8970	476	0.3762	4.1090	0
8975	473	0.3738	4.1080	0
8980	472	0.3730	4.1090	0
8985	470	0.3714	4.1080	0
8990	470	0.3714	4.1080	0
8995	469	0.3706	4.1070	0
9000	467	0.3691	4.1090	0
9005	466	0.3683	4.1090	0
9010	467	0.3691	4.1090	0
9015	463	0.3659	4.1080	0
9020	463	0.3659	4.1090	0
9025	460	0.3635	4.1090	0
9030	460	0.3635	4.1090	0
9035	460	0.3635	4.1090	0
9040	459	0.3627	4.1080	0
9045	457	0.3612	4.1090	0
9050	456	0.3604	4.1090	0
9055	455	0.3596	4.1080	0
9060	454	0.3588	4.1090	0
9065	452	0.3572	4.1080	0
9070	451	0.3564	4.1080	0
9075	452	0.3572	4.1080	0
9080	449	0.3548	4.1090	0
9085	446	0.3525	4.1090	0
9090	447	0.3533	4.1090	0
9095	447	0.3533	4.1090	0
9100	444	0.3509	4.1080	0
9105	443	0.3501	4.1090	0
9110	442	0.3493	4.1090	0
9115	441	0.3485	4.1090	0
9120	439	0.3469	4.1090	0
9125	437	0.3454	4.1090	0
9130	437	0.3454	4.1090	0
9135	436	0.3446	4.1090	0
9140	433	0.3422	4.1090	0
9145	433	0.3422	4.1090	0
9150	433	0.3422	4.1080	0
9155	431	0.3406	4.1080	0
9160	431	0.3406	4.1090	0
9165	430	0.3398	4.1090	0
9170	428	0.3382	4.1080	0
9175	428	0.3382	4.1080	0
9180	426	0.3367	4.1090	0
9185	426	0.3367	4.1090	0
9190	425	0.3359	4.1090	0
9195	424	0.3351	4.1080	0
9200	421	0.3327	4.1080	0
9205	420	0.3319	4.1090	0
9210	419	0.3311	4.1090	0
9215	419	0.3311	4.1080	0
9220	417	0.3295	4.1080	0
9225	414	0.3272	4.1090	0
9230	417	0.3295	4.1090	0
9235	416	0.3288	4.1090	0
9240	414	0.3272	4.1090	0
9245	412	0.3256	4.1080	0
9250	411	0.3248	4.1090	0
9255	409	0.3232	4.1090	0
9260	410	0.3240	4.1080	0
9265	408	0.3224	4.1090	0
9270	406	0.3209	4.1080	0
9275	407	0.3216	4.1090	0
9280	405	0.3201	4.1090	0
9285	404	0.3193	4.1090	0
9290	403	0.3185	4.1090	0
9295	401	0.3169	4.1080	0
9300	400	0.3161	4.1090	0
9305	398	0.3145	4.1080	0
9310	399	0.3153	4.1090	0
9315	397	0.3137	4.1090	0
9320	397	0.3137	4.1090	0
9325	396	0.3130	4.1090	0
9330	394	0.3114	4.1090	0
9335	393	0.3106	4.1080	0
9340	391	0.3090	4.1090	0
9345	392	0.3098	4.1090	0
9350	390	0.3082	4.1080	0
9355	388	0.3066	4.1080	0
9360	388	0.3066	4.1090	0
9365	388	0.3066	4.1090	0
9370	387	0.3058	4.1090	0
9375	386	0.3050	4.1090	0
9380	384	0.3035	4.1090	0
9385	384	0.3035	4.1090	0
9390	382	0.3019	4.1090	0
9395	382	0.3019	4.1080	0
9400	380	0.3003	4.1090	0
9405	379	0.2995	4.1090	0
9410	378	0.2987	4.1080	0
9415	375	0.2964	4.1090	0
9420	376	0.2971	4.1090	0
9425	375	0.2964	4.1080	0
9430	375	0.2964	4.1090	0
9435	373	0.2948	4.1080	0
9440	371	0.2932	4.1090	0
9445	369	0.2916	4.1090	0
9450	370	0.2924	4.1080	0
9455	368	0.2908	4.1090	0
9460	367	0.2900	4.1090	0
9465	367	0.2900	4.1080	0
9470	366	0.2892	4.1090	0
9475	365	0.2885	4.1090	0
9480	364	0.2877	4.1080	0
9485	364	0.2877	4.1080	0
9490	361	0.2853	4.1090	0
9495	361	0.2853	4.1090	0
9500	359	0.2837	4.1090	0
9505	359	0.2837	4.1090	0
9510	358	0.2829	4.1090	0
9515	357	0.2821	4.1090	0
9520	355	0.2806	4.1090	0
9525	355	0.2806	4.1080	0
9530	355	0.2806	4.1090	0
9535	354	0.2798	4.1090	0
9540	352	0.2782	4.1090	0
9545	352	0.2782	4.1090	0
9550	350	0.2766	4.1080	0
9555	350	0.2766	4.1080	0
9560	349	0.2758	4.1090	0
9565	348	0.2750	4.1080	0
9570	348	0.2750	4.1090	0
9575	346	0.2734	4.1090	0
9580	345	0.2726	4.1090	0
9585	345	0.2726	4.1090	0
9590	344	0.2719	4.1090	0
9595	343	0.2711	4.1090	0
9600	342	0.2703	4.1090	0
9605	340	0.2687	4.1080	0
9610	341	0.2695	4.1090	0
9615	339	0.2679	4.1090	0
9620	339	0.2679	4.1090	0
9625	337	0.2663	4.1090	0
9630	336	0.2655	4.1090	0
9635	335	0.2647	4.1090	0
9640	335	0.2647	4.1080	0
9645	335	0.2647	4.1080	0
9650	332	0.2624	4.1090	0
9655	332	0.2624	4.1090	0
9660	331	0.2616	4.1090	0
9665	330	0.2608	4.1090	0
9670	329	0.2600	4.1090	0
9675	329	0.2600	4.1080	0
9680	329	0.2600	4.1090	0
9685	327	0.2584	4.1090	0
9690	327	0.2584	4.1080	0
9695	325	0.2568	4.1090	0
9700	325	0.2568	4.1090	0
9705	323	0.2553	4.1080	0
9710	323	0.2553	4.1090	0
9715	322	0.2545	4.1080	0
9720	322	0.2545	4.1090	0
9725	321	0.2537	4.1090	0
9730	320	0.2529	4.1090	0
9735	318	0.2513	4.1090	0
9740	318	0.2513	4.1090	0
9745	317	0.2505	4.1090	0
9750	316	0.2497	4.1090	0
9755	314	0.2481	4.1080	0
9760	314	0.2481	4.1080	0
9765	313	0.2474	4.1080	0
9770	314	0.2481	4.1090	0
9775	312	0.2466	4.1080	0
9780	311	0.2458	4.1080	0
9785	309	0.2442	4.1090	0
9790	310	0.2450	4.1090	0
9795	309	0.2442	4.1090	0
9800	309	0.2442	4.1090	0
9805	304	0.2402	4.1080	0
9810	305	0.2410	4.1090	0
9815	304	0.2402	4.1080	0
9820	306	0.2418	4.1080	0
9825	304	0.2402	4.1080	0
9830	303	0.2395	4.1090	0
9835	302	0.2387	4.1080	0
9840	301	0.2379	4.1080	0
9845	302	0.2387	4.1080	0
9850	299	0.2363	4.1080	0
9855	298	0.2355	4.1090	0
9860	298	0.2355	4.1090	0
9865	297	0.2347	4.1090	0
9870	297	0.2347	4.1080	0
9875	295	0.2331	4.1080	0
9880	295	0.2331	4.1090	0
9885	294	0.2323	4.1080	0
9890	292	0.2308	4.1090	0
9895	293	0.2316	4.1090	0
9900	292	0.2308	4.1090	0
9905	292	0.2308	4.1080	0
9910	291	0.2300	4.1090	0
9915	289	0.2284	4.1090	0
9920	289	0.2284	4.1090	0
9925	289	0.2284	4.1090	0
9930	286	0.2260	4.1080	0
9935	287	0.2268	4.1080	0
9940	285	0.2252	4.1090	0
9945	285	0.2252	4.1090	0
9950	284	0.2244	4.1080	0
9955	284	0.2244	4.1080	0
9960	283	0.2237	4.1090	0
9965	282	0.2229	4.1080	0
9970	281	0.2221	4.1090	0
9975	281	0.2221	4.1090	0
9980	281	0.2221	4.1090	0
9985	278	0.2197	4.1090	0
9990	279	0.2205	4.1090	0
9995	279	0.2205	4.1090	0
10000	277	0.2189	4.1080	0
10005	276	0.2181	4.1090	0
10010	276	0.2181	4.1090	0
10015	275	0.2173	4.1090	0
10020	273	0.2157	4.1090	0
10025	274	0.2165	4.1080	0
10030	273	0.2157	4.1090	0
10035	272	0.2150	4.1090	0
10040	271	0.2142	4.1090	0
10045	271	0.2142	4.1090	0
10050	270	0.2134	4.1090	0
10055	270	0.2134	4.1090	0
10060	268	0.2118	4.1080	0
10065	267	0.2110	4.1080	0
10070	268	0.2118	4.1090	0
10075	267	0.2110	4.1080	0
10080	266	0.2102	4.1080	0
10085	266	0.2102	4.1090	0
10090	263	0.2078	4.1090	0
10095	264	0.2086	4.1080	0
10100	262	0.2071	4.1090	0
10105	261	0.2063	4.1090	0
10110	263	0.2078	4.1080	0
10115	260	0.2055	4.1080	0
10120	260	0.2055	4.1090	0
10125	260	0.2055	4.1080	0
10130	258	0.2039	4.1090	0
10135	258	0.2039	4.1090	0
10140	258	0.2039	4.1090	0
10145	257	0.2031	4.1080	0
10150	257	0.2031	4.1090	0
10155	256	0.2023	4.1080	0
10160	256	0.2023	4.1090	0
10165	254	0.2007	4.1090	0
10170	254	0.2007	4.1080	0
10175	253	0.1999	4.1090	0
10180	254	0.2007	4.1080	0
10185	252	0.1992	4.1080	0
10190	250	0.1976	4.1090	0
10195	251	0.1984	4.1090	0
10200	251	0.1984	4.1080	0
10205	249	0.1968	4.1090	0
10210	249	0.1968	4.1080	0
10215	25	0.0198	4.1080	1
10220	24	0.0190	4.1080	1
10225	24	0.0190	4.1090	1
10230	24	0.0190	4.1090	1
10235	25	0.0198	4.1090	1
10240	25	0.0198	4.1090	1
10245	24	0.0190	4.1080	1
10250	26	0.0205	4.1090	1
10255	26	0.0205	4.1090	1
10260	27	0.0213	4.1090	1
10265	25	0.0198	4.1090	1
10270	26	0.0205	4.1080	1
10275	25	0.0198	4.1090	1
10280	25	0.0198	4.1090	1
10285	25	0.0198	4.1080	1
10290	25	0.0198	4.1090	1
10295	26	0.0205	4.1080	1
10300	25	0.0198	4.1090	1
10305	24	0.0190	4.1090	1
10310	26	0.0205	4.1090	1
10315	24	0.0190	4.1080	1
10320	25	0.0198	4.1090	1
