time[s] raw_val Vi  Vbat    CHG Pin
5	250	0.1976	2.7098	0
10	248	0.1960	2.7247	0
15	248	0.1960	2.7374	0
20	250	0.1976	2.7490	0
25	249	0.1968	2.7596	0
30	249	0.1968	2.7692	0
35	248	0.1960	2.7787	0
40	248	0.1960	2.7882	0
45	249	0.1968	2.7956	0
50	249	0.1968	2.8041	0
55	247	0.1952	2.8084	0
60	1506	1.1902	3.0096	0
65	1505	1.1894	3.0488	0
70	1505	1.1894	3.0838	0
75	1505	1.1894	3.1145	0
80	1505	1.1894	3.1410	0
85	1505	1.1894	3.1622	0
90	1504	1.1886	3.1834	0
95	1505	1.1894	3.2014	0
100	1504	1.1886	3.2183	0
105	1505	1.1894	3.2321	0
110	1505	1.1894	3.2469	0
115	1504	1.1886	3.2596	0
120	1506	1.1902	3.2734	0
125	1504	1.1886	3.2851	0
130	1505	1.1894	3.2967	0
135	1503	1.1878	3.3063	0
140	1505	1.1894	3.3190	0
145	1505	1.1894	3.3285	0
150	1504	1.1886	3.3370	0
155	1504	1.1886	3.3476	0
160	1504	1.1886	3.3561	0
165	1504	1.1886	3.3645	0
170	1505	1.1894	3.3730	0
175	1504	1.1886	3.3825	0
180	1503	1.1878	3.3900	0
185	1504	1.1886	3.3963	0
190	1504	1.1886	3.4048	0
195	1505	1.1894	3.4111	0
200	1504	1.1886	3.4196	0
205	1503	1.1878	3.4249	0
210	1504	1.1886	3.4313	0
215	1504	1.1886	3.4387	0
220	1505	1.1894	3.4461	0
225	1504	1.1886	3.4503	0
230	1504	1.1886	3.4577	0
235	1503	1.1878	3.4641	0
240	1505	1.1894	3.4683	0
245	1504	1.1886	3.4736	0
250	1504	1.1886	3.4779	0
255	1503	1.1878	3.4853	0
260	1503	1.1878	3.4895	0
265	1504	1.1886	3.4948	0
270	1503	1.1878	3.5001	0
275	1504	1.1886	3.5044	0
280	1505	1.1894	3.5097	0
285	1504	1.1886	3.5139	0
290	1504	1.1886	3.5192	0
295	1505	1.1894	3.5224	0
300	1505	1.1894	3.5287	0
305	1504	1.1886	3.5330	0
310	1503	1.1878	3.5372	0
315	1504	1.1886	3.5404	0
320	1505	1.1894	3.5436	0
325	1504	1.1886	3.5499	0
330	1504	1.1886	3.5542	0
335	1505	1.1894	3.5573	0
340	1504	1.1886	3.5594	0
345	1503	1.1878	3.5637	0
350	1504	1.1886	3.5679	0
355	1503	1.1878	3.5711	0
360	1504	1.1886	3.5764	0
365	1504	1.1886	3.5796	0
370	1503	1.1878	3.5817	0
375	1503	1.1878	3.5859	0
380	1504	1.1886	3.5902	0
385	1504	1.1886	3.5933	0
390	1504	1.1886	3.5965	0
395	1504	1.1886	3.5997	0
400	1504	1.1886	3.6050	0
405	1504	1.1886	3.6071	0
410	1505	1.1894	3.6124	0
415	1505	1.1894	3.6135	0
420	1504	1.1886	3.6167	0
425	1504	1.1886	3.6188	0
430	1504	1.1886	3.6230	0
435	1505	1.1894	3.6251	0
440	1502	1.1870	3.6283	0
445	1505	1.1894	3.6315	0
450	1505	1.1894	3.6336	0
455	1504	1.1886	3.6357	0
460	1504	1.1886	3.6400	0
465	1502	1.1870	3.6421	0
470	1505	1.1894	3.6453	0
475	1504	1.1886	3.6506	0
480	1503	1.1878	3.6495	0
485	1504	1.1886	3.6527	0
490	1504	1.1886	3.6548	0
495	1505	1.1894	3.6580	0
500	1504	1.1886	3.6580	0
505	1503	1.1878	3.6611	0
510	1504	1.1886	3.6633	0
515	1503	1.1878	3.6633	0
520	1504	1.1886	3.6686	0
525	1504	1.1886	3.6696	0
530	1502	1.1870	3.6717	0
535	1503	1.1878	3.6717	0
540	1505	1.1894	3.6728	0
545	1503	1.1878	3.6760	0
550	1504	1.1886	3.6770	0
555	1504	1.1886	3.6770	0
560	1504	1.1886	3.6792	0
565	1505	1.1894	3.6792	0
570	1504	1.1886	3.6792	0
575	1503	1.1878	3.6802	0
580	1502	1.1870	3.6823	0
585	1505	1.1894	3.6813	0
590	1504	1.1886	3.6834	0
595	1504	1.1886	3.6834	0
600	1504	1.1886	3.6845	0
605	1503	1.1878	3.6834	0
610	1502	1.1870	3.6855	0
615	1503	1.1878	3.6855	0
620	1504	1.1886	3.6855	0
625	1504	1.1886	3.6866	0
630	1504	1.1886	3.6876	0
635	1504	1.1886	3.6866	0
640	1503	1.1878	3.6876	0
645	1505	1.1894	3.6855	0
650	1503	1.1878	3.6887	0
655	1502	1.1870	3.6876	0
660	1505	1.1894	3.6876	0
665	1504	1.1886	3.6876	0
670	1504	1.1886	3.6876	0
675	1503	1.1878	3.6887	0
680	1504	1.1886	3.6897	0
685	1504	1.1886	3.6919	0
690	1502	1.1870	3.6897	0
695	1503	1.1878	3.6908	0
700	1503	1.1878	3.6908	0
705	1503	1.1878	3.6908	0
710	1504	1.1886	3.6919	0
715	1504	1.1886	3.6919	0
720	1505	1.1894	3.6929	0
725	1505	1.1894	3.6940	0
730	1503	1.1878	3.6940	0
735	1503	1.1878	3.6940	0
740	1504	1.1886	3.6940	0
745	1504	1.1886	3.6940	0
750	1504	1.1886	3.6961	0
755	1505	1.1894	3.6950	0
760	1504	1.1886	3.6950	0
765	1502	1.1870	3.6940	0
770	1503	1.1878	3.6961	0
775	1502	1.1870	3.6982	0
780	1504	1.1886	3.6982	0
785	1503	1.1878	3.6972	0
790	1503	1.1878	3.6982	0
795	1503	1.1878	3.6993	0
800	1503	1.1878	3.6993	0
805	1504	1.1886	3.6993	0
810	1503	1.1878	3.7003	0
815	1502	1.1870	3.6993	0
820	1504	1.1886	3.7014	0
825	1503	1.1878	3.7003	0
830	1502	1.1870	3.7025	0
835	1504	1.1886	3.7025	0
840	1504	1.1886	3.7035	0
845	1504	1.1886	3.7025	0
850	1504	1.1886	3.7046	0
855	1503	1.1878	3.7025	0
860	1504	1.1886	3.7056	0
865	1503	1.1878	3.7046	0
870	1504	1.1886	3.7067	0
875	1504	1.1886	3.7067	0
880	1503	1.1878	3.7067	0
885	1503	1.1878	3.7078	0
890	1503	1.1878	3.7078	0
895	1503	1.1878	3.7078	0
900	1504	1.1886	3.7088	0
905	1504	1.1886	3.7088	0
910	1504	1.1886	3.7109	0
915	1504	1.1886	3.7109	0
920	1503	1.1878	3.7099	0
925	1503	1.1878	3.7109	0
930	1504	1.1886	3.7109	0
935	1504	1.1886	3.7120	0
940	1504	1.1886	3.7131	0
945	1505	1.1894	3.7109	0
950	1504	1.1886	3.7141	0
955	1503	1.1878	3.7131	0
960	1503	1.1878	3.7162	0
965	1504	1.1886	3.7141	0
970	1502	1.1870	3.7152	0
975	1503	1.1878	3.7173	0
980	1503	1.1878	3.7173	0
985	1502	1.1870	3.7162	0
990	1503	1.1878	3.7173	0
995	1503	1.1878	3.7184	0
1000	1503	1.1878	3.7194	0
1005	1504	1.1886	3.7194	0
1010	1505	1.1894	3.7205	0
1015	1504	1.1886	3.7184	0
1020	1503	1.1878	3.7205	0
1025	1503	1.1878	3.7215	0
1030	1503	1.1878	3.7226	0
1035	1504	1.1886	3.7236	0
1040	1502	1.1870	3.7236	0
1045	1504	1.1886	3.7236	0
1050	1503	1.1878	3.7247	0
1055	1504	1.1886	3.7236	0
1060	1504	1.1886	3.7258	0
1065	1502	1.1870	3.7258	0
1070	1503	1.1878	3.7247	0
1075	1503	1.1878	3.7247	0
1080	1502	1.1870	3.7268	0
1085	1503	1.1878	3.7279	0
1090	1502	1.1870	3.7279	0
1095	1502	1.1870	3.7289	0
1100	1504	1.1886	3.7289	0
1105	1503	1.1878	3.7289	0
1110	1503	1.1878	3.7311	0
1115	1503	1.1878	3.7289	0
1120	1503	1.1878	3.7311	0
1125	1503	1.1878	3.7311	0
1130	1503	1.1878	3.7311	0
1135	1504	1.1886	3.7342	0
1140	1503	1.1878	3.7342	0
1145	1503	1.1878	3.7332	0
1150	1503	1.1878	3.7353	0
1155	1503	1.1878	3.7353	0
1160	1504	1.1886	3.7364	0
1165	1503	1.1878	3.7374	0
1170	1503	1.1878	3.7385	0
1175	1503	1.1878	3.7385	0
1180	1504	1.1886	3.7385	0
1185	1503	1.1878	3.7385	0
1190	1503	1.1878	3.7395	0
1195	1504	1.1886	3.7417	0
1200	1504	1.1886	3.7406	0
1205	1504	1.1886	3.7417	0
1210	1503	1.1878	3.7406	0
1215	1504	1.1886	3.7427	0
1220	1503	1.1878	3.7438	0
1225	1503	1.1878	3.7427	0
1230	1503	1.1878	3.7459	0
1235	1503	1.1878	3.7448	0
1240	1503	1.1878	3.7459	0
1245	1504	1.1886	3.7480	0
1250	1503	1.1878	3.7470	0
1255	1503	1.1878	3.7480	0
1260	1503	1.1878	3.7491	0
1265	1504	1.1886	3.7480	0
1270	1503	1.1878	3.7491	0
1275	1503	1.1878	3.7491	0
1280	1502	1.1870	3.7491	0
1285	1504	1.1886	3.7512	0
1290	1503	1.1878	3.7523	0
1295	1504	1.1886	3.7523	0
1300	1503	1.1878	3.7533	0
1305	1503	1.1878	3.7544	0
1310	1502	1.1870	3.7554	0
1315	1504	1.1886	3.7533	0
1320	1503	1.1878	3.7554	0
1325	1503	1.1878	3.7554	0
1330	1504	1.1886	3.7575	0
1335	1504	1.1886	3.7575	0
1340	1503	1.1878	3.7575	0
1345	1503	1.1878	3.7597	0
1350	1502	1.1870	3.7586	0
1355	1503	1.1878	3.7597	0
1360	1502	1.1870	3.7597	0
1365	1504	1.1886	3.7607	0
1370	1502	1.1870	3.7607	0
1375	1503	1.1878	3.7618	0
1380	1503	1.1878	3.7628	0
1385	1504	1.1886	3.7618	0
1390	1503	1.1878	3.7639	0
1395	1503	1.1878	3.7628	0
1400	1503	1.1878	3.7650	0
1405	1503	1.1878	3.7650	0
1410	1504	1.1886	3.7671	0
1415	1504	1.1886	3.7660	0
1420	1502	1.1870	3.7660	0
1425	1503	1.1878	3.7671	0
1430	1503	1.1878	3.7692	0
1435	1502	1.1870	3.7703	0
1440	1503	1.1878	3.7681	0
1445	1503	1.1878	3.7703	0
1450	1502	1.1870	3.7713	0
1455	1502	1.1870	3.7703	0
1460	1503	1.1878	3.7734	0
1465	1503	1.1878	3.7745	0
1470	1503	1.1878	3.7756	0
1475	1504	1.1886	3.7745	0
1480	1501	1.1862	3.7745	0
1485	1502	1.1870	3.7756	0
1490	1504	1.1886	3.7756	0
1495	1503	1.1878	3.7766	0
1500	1502	1.1870	3.7777	0
1505	1504	1.1886	3.7787	0
1510	1502	1.1870	3.7787	0
1515	1503	1.1878	3.7777	0
1520	1504	1.1886	3.7798	0
1525	1503	1.1878	3.7787	0
1530	1502	1.1870	3.7798	0
1535	1503	1.1878	3.7809	0
1540	1502	1.1870	3.7809	0
1545	1503	1.1878	3.7819	0
1550	1502	1.1870	3.7819	0
1555	1502	1.1870	3.7819	0
1560	1503	1.1878	3.7851	0
1565	1502	1.1870	3.7840	0
1570	1503	1.1878	3.7862	0
1575	1503	1.1878	3.7840	0
1580	1503	1.1878	3.7851	0
1585	1504	1.1886	3.7872	0
1590	1503	1.1878	3.7872	0
1595	1503	1.1878	3.7893	0
1600	1504	1.1886	3.7883	0
1605	1502	1.1870	3.7893	0
1610	1503	1.1878	3.7904	0
1615	1503	1.1878	3.7904	0
1620	1504	1.1886	3.7904	0
1625	1503	1.1878	3.7904	0
1630	1501	1.1862	3.7914	0
1635	1503	1.1878	3.7925	0
1640	1502	1.1870	3.7936	0
1645	1503	1.1878	3.7914	0
1650	1502	1.1870	3.7925	0
1655	1502	1.1870	3.7936	0
1660	1503	1.1878	3.7936	0
1665	1502	1.1870	3.7936	0
1670	1503	1.1878	3.7936	0
1675	1502	1.1870	3.7957	0
1680	1503	1.1878	3.7946	0
1685	1503	1.1878	3.7946	0
1690	1503	1.1878	3.7946	0
1695	1503	1.1878	3.7946	0
1700	1503	1.1878	3.7957	0
1705	1501	1.1862	3.7957	0
1710	1502	1.1870	3.7957	0
1715	1502	1.1870	3.7957	0
1720	1502	1.1870	3.7957	0
1725	1503	1.1878	3.7957	0
1730	1503	1.1878	3.7957	0
1735	1502	1.1870	3.7957	0
1740	1503	1.1878	3.7967	0
1745	1502	1.1870	3.7978	0
1750	1503	1.1878	3.7967	0
1755	1504	1.1886	3.7967	0
1760	1503	1.1878	3.7978	0
1765	1503	1.1878	3.7978	0
1770	1503	1.1878	3.7989	0
1775	1503	1.1878	3.7999	0
1780	1503	1.1878	3.7989	0
1785	1504	1.1886	3.7999	0
1790	1503	1.1878	3.8010	0
1795	1502	1.1870	3.8010	0
1800	1503	1.1878	3.8020	0
1805	1503	1.1878	3.8020	0
1810	1502	1.1870	3.8031	0
1815	1502	1.1870	3.8031	0
1820	1503	1.1878	3.8020	0
1825	1503	1.1878	3.8042	0
1830	1503	1.1878	3.8052	0
1835	1503	1.1878	3.8052	0
1840	1501	1.1862	3.8042	0
1845	1504	1.1886	3.8063	0
1850	1503	1.1878	3.8063	0
1855	1503	1.1878	3.8052	0
1860	1503	1.1878	3.8073	0
1865	1502	1.1870	3.8084	0
1870	1502	1.1870	3.8073	0
1875	1503	1.1878	3.8084	0
1880	1503	1.1878	3.8073	0
1885	1503	1.1878	3.8084	0
1890	1502	1.1870	3.8084	0
1895	1502	1.1870	3.8105	0
1900	1503	1.1878	3.8116	0
1905	1503	1.1878	3.8116	0
1910	1503	1.1878	3.8116	0
1915	1501	1.1862	3.8116	0
1920	1502	1.1870	3.8126	0
1925	1501	1.1862	3.8126	0
1930	1502	1.1870	3.8126	0
1935	1502	1.1870	3.8126	0
1940	1503	1.1878	3.8126	0
1945	1503	1.1878	3.8137	0
1950	1502	1.1870	3.8137	0
1955	1502	1.1870	3.8148	0
1960	1501	1.1862	3.8137	0
1965	1502	1.1870	3.8158	0
1970	1501	1.1862	3.8148	0
1975	1503	1.1878	3.8158	0
1980	1502	1.1870	3.8158	0
1985	1502	1.1870	3.8169	0
1990	1502	1.1870	3.8169	0
1995	1502	1.1870	3.8190	0
2000	1502	1.1870	3.8179	0
2005	1502	1.1870	3.8201	0
2010	1503	1.1878	3.8201	0
2015	1502	1.1870	3.8179	0
2020	1503	1.1878	3.8201	0
2025	1503	1.1878	3.8211	0
2030	1502	1.1870	3.8211	0
2035	1503	1.1878	3.8211	0
2040	1501	1.1862	3.8211	0
2045	1503	1.1878	3.8222	0
2050	1501	1.1862	3.8222	0
2055	1501	1.1862	3.8243	0
2060	1502	1.1870	3.8232	0
2065	1502	1.1870	3.8232	0
2070	1503	1.1878	3.8243	0
2075	1501	1.1862	3.8264	0
2080	1503	1.1878	3.8253	0
2085	1501	1.1862	3.8243	0
2090	1503	1.1878	3.8253	0
2095	1503	1.1878	3.8253	0
2100	1502	1.1870	3.8253	0
2105	1503	1.1878	3.8285	0
2110	1502	1.1870	3.8285	0
2115	1502	1.1870	3.8296	0
2120	1503	1.1878	3.8275	0
2125	1503	1.1878	3.8285	0
2130	1502	1.1870	3.8275	0
2135	1501	1.1862	3.8285	0
2140	1502	1.1870	3.8296	0
2145	1503	1.1878	3.8317	0
2150	1502	1.1870	3.8317	0
2155	1502	1.1870	3.8317	0
2160	1501	1.1862	3.8328	0
2165	1502	1.1870	3.8317	0
2170	1502	1.1870	3.8328	0
2175	1502	1.1870	3.8338	0
2180	1501	1.1862	3.8328	0
2185	1502	1.1870	3.8349	0
2190	1503	1.1878	3.8338	0
2195	1501	1.1862	3.8338	0
2200	1503	1.1878	3.8349	0
2205	1501	1.1862	3.8349	0
2210	1503	1.1878	3.8370	0
2215	1503	1.1878	3.8370	0
2220	1502	1.1870	3.8370	0
2225	1502	1.1870	3.8381	0
2230	1503	1.1878	3.8381	0
2235	1502	1.1870	3.8370	0
2240	1501	1.1862	3.8391	0
2245	1501	1.1862	3.8391	0
2250	1502	1.1870	3.8412	0
2255	1500	1.1854	3.8391	0
2260	1503	1.1878	3.8412	0
2265	1501	1.1862	3.8402	0
2270	1502	1.1870	3.8423	0
2275	1503	1.1878	3.8423	0
2280	1503	1.1878	3.8423	0
2285	1502	1.1870	3.8444	0
2290	1500	1.1854	3.8412	0
2295	1502	1.1870	3.8444	0
2300	1502	1.1870	3.8455	0
2305	1501	1.1862	3.8444	0
2310	1502	1.1870	3.8455	0
2315	1503	1.1878	3.8476	0
2320	1503	1.1878	3.8455	0
2325	1500	1.1854	3.8465	0
2330	1502	1.1870	3.8487	0
2335	1501	1.1862	3.8476	0
2340	1502	1.1870	3.8508	0
2345	1502	1.1870	3.8476	0
2350	1503	1.1878	3.8497	0
2355	1502	1.1870	3.8518	0
2360	1502	1.1870	3.8508	0
2365	1501	1.1862	3.8518	0
2370	1503	1.1878	3.8529	0
2375	1502	1.1870	3.8518	0
2380	1502	1.1870	3.8518	0
2385	1501	1.1862	3.8529	0
2390	1503	1.1878	3.8540	0
2395	1502	1.1870	3.8540	0
2400	1502	1.1870	3.8550	0
2405	1501	1.1862	3.8550	0
2410	1501	1.1862	3.8561	0
2415	1502	1.1870	3.8561	0
2420	1501	1.1862	3.8571	0
2425	1501	1.1862	3.8571	0
2430	1502	1.1870	3.8561	0
2435	1502	1.1870	3.8582	0
2440	1502	1.1870	3.8592	0
2445	1502	1.1870	3.8592	0
2450	1503	1.1878	3.8582	0
2455	1502	1.1870	3.8624	0
2460	1500	1.1854	3.8614	0
2465	1502	1.1870	3.8603	0
2470	1503	1.1878	3.8624	0
2475	1502	1.1870	3.8645	0
2480	1502	1.1870	3.8624	0
2485	1503	1.1878	3.8656	0
2490	1503	1.1878	3.8645	0
2495	1502	1.1870	3.8656	0
2500	1503	1.1878	3.8656	0
2505	1501	1.1862	3.8667	0
2510	1501	1.1862	3.8667	0
2515	1502	1.1870	3.8677	0
2520	1502	1.1870	3.8677	0
2525	1501	1.1862	3.8698	0
2530	1502	1.1870	3.8698	0
2535	1501	1.1862	3.8688	0
2540	1501	1.1862	3.8698	0
2545	1501	1.1862	3.8698	0
2550	1501	1.1862	3.8720	0
2555	1501	1.1862	3.8730	0
2560	1502	1.1870	3.8720	0
2565	1501	1.1862	3.8741	0
2570	1501	1.1862	3.8741	0
2575	1502	1.1870	3.8762	0
2580	1501	1.1862	3.8762	0
2585	1502	1.1870	3.8751	0
2590	1501	1.1862	3.8762	0
2595	1502	1.1870	3.8773	0
2600	1502	1.1870	3.8783	0
2605	1502	1.1870	3.8794	0
2610	1500	1.1854	3.8794	0
2615	1502	1.1870	3.8804	0
2620	1502	1.1870	3.8815	0
2625	1501	1.1862	3.8794	0
2630	1502	1.1870	3.8826	0
2635	1501	1.1862	3.8826	0
2640	1500	1.1854	3.8836	0
2645	1500	1.1854	3.8847	0
2650	1502	1.1870	3.8836	0
2655	1501	1.1862	3.8868	0
2660	1502	1.1870	3.8847	0
2665	1501	1.1862	3.8836	0
2670	1502	1.1870	3.8857	0
2675	1501	1.1862	3.8868	0
2680	1501	1.1862	3.8878	0
2685	1502	1.1870	3.8878	0
2690	1501	1.1862	3.8878	0
2695	1502	1.1870	3.8889	0
2700	1501	1.1862	3.8910	0
2705	1501	1.1862	3.8921	0
2710	1501	1.1862	3.8931	0
2715	1502	1.1870	3.8931	0
2720	1502	1.1870	3.8931	0
2725	1501	1.1862	3.8942	0
2730	1501	1.1862	3.8953	0
2735	1501	1.1862	3.8953	0
2740	1502	1.1870	3.8953	0
2745	1501	1.1862	3.8963	0
2750	1500	1.1854	3.8984	0
2755	1500	1.1854	3.8963	0
2760	1501	1.1862	3.8984	0
2765	1501	1.1862	3.8995	0
2770	1500	1.1854	3.9006	0
2775	1501	1.1862	3.9016	0
2780	1501	1.1862	3.9027	0
2785	1502	1.1870	3.9027	0
2790	1500	1.1854	3.9027	0
2795	1501	1.1862	3.9027	0
2800	1501	1.1862	3.9048	0
2805	1502	1.1870	3.9048	0
2810	1500	1.1854	3.9059	0
2815	1501	1.1862	3.9069	0
2820	1501	1.1862	3.9069	0
2825	1501	1.1862	3.9080	0
2830	1502	1.1870	3.9080	0
2835	1501	1.1862	3.9090	0
2840	1501	1.1862	3.9101	0
2845	1501	1.1862	3.9101	0
2850	1501	1.1862	3.9112	0
2855	1500	1.1854	3.9122	0
2860	1502	1.1870	3.9122	0
2865	1501	1.1862	3.9122	0
2870	1501	1.1862	3.9154	0
2875	1502	1.1870	3.9133	0
2880	1502	1.1870	3.9165	0
2885	1500	1.1854	3.9154	0
2890	1501	1.1862	3.9165	0
2895	1502	1.1870	3.9186	0
2900	1503	1.1878	3.9196	0
2905	1502	1.1870	3.9196	0
2910	1502	1.1870	3.9196	0
2915	1501	1.1862	3.9207	0
2920	1502	1.1870	3.9217	0
2925	1502	1.1870	3.9228	0
2930	1501	1.1862	3.9228	0
2935	1503	1.1878	3.9239	0
2940	1500	1.1854	3.9249	0
2945	1501	1.1862	3.9260	0
2950	1500	1.1854	3.9249	0
2955	1502	1.1870	3.9281	0
2960	1501	1.1862	3.9270	0
2965	1500	1.1854	3.9302	0
2970	1502	1.1870	3.9281	0
2975	1501	1.1862	3.9281	0
2980	1502	1.1870	3.9292	0
2985	1501	1.1862	3.9313	0
2990	1500	1.1854	3.9313	0
2995	1501	1.1862	3.9323	0
3000	1499	1.1846	3.9355	0
3005	1500	1.1854	3.9345	0
3010	1501	1.1862	3.9345	0
3015	1501	1.1862	3.9355	0
3020	1501	1.1862	3.9366	0
3025	1501	1.1862	3.9355	0
3030	1501	1.1862	3.9355	0
3035	1500	1.1854	3.9366	0
3040	1501	1.1862	3.9387	0
3045	1498	1.1838	3.9398	0
3050	1502	1.1870	3.9419	0
3055	1501	1.1862	3.9387	0
3060	1502	1.1870	3.9440	0
3065	1500	1.1854	3.9408	0
3070	1500	1.1854	3.9440	0
3075	1501	1.1862	3.9429	0
3080	1502	1.1870	3.9461	0
3085	1501	1.1862	3.9440	0
3090	1501	1.1862	3.9472	0
3095	1501	1.1862	3.9461	0
3100	1501	1.1862	3.9472	0
3105	1501	1.1862	3.9472	0
3110	1501	1.1862	3.9482	0
3115	1499	1.1846	3.9493	0
3120	1501	1.1862	3.9514	0
3125	1501	1.1862	3.9504	0
3130	1501	1.1862	3.9514	0
3135	1501	1.1862	3.9514	0
3140	1501	1.1862	3.9525	0
3145	1500	1.1854	3.9525	0
3150	1501	1.1862	3.9535	0
3155	1501	1.1862	3.9535	0
3160	1501	1.1862	3.9546	0
3165	1501	1.1862	3.9556	0
3170	1500	1.1854	3.9567	0
3175	1500	1.1854	3.9556	0
3180	1501	1.1862	3.9578	0
3185	1500	1.1854	3.9588	0
3190	1500	1.1854	3.9578	0
3195	1500	1.1854	3.9599	0
3200	1502	1.1870	3.9599	0
3205	1502	1.1870	3.9588	0
3210	1501	1.1862	3.9609	0
3215	1500	1.1854	3.9620	0
3220	1499	1.1846	3.9631	0
3225	1501	1.1862	3.9620	0
3230	1499	1.1846	3.9620	0
3235	1501	1.1862	3.9641	0
3240	1500	1.1854	3.9652	0
3245	1501	1.1862	3.9652	0
3250	1500	1.1854	3.9652	0
3255	1500	1.1854	3.9662	0
3260	1500	1.1854	3.9673	0
3265	1500	1.1854	3.9684	0
3270	1501	1.1862	3.9673	0
3275	1499	1.1846	3.9694	0
3280	1500	1.1854	3.9694	0
3285	1500	1.1854	3.9705	0
3290	1500	1.1854	3.9705	0
3295	1500	1.1854	3.9715	0
3300	1500	1.1854	3.9715	0
3305	1499	1.1846	3.9705	0
3310	1501	1.1862	3.9726	0
3315	1501	1.1862	3.9737	0
3320	1500	1.1854	3.9737	0
3325	1501	1.1862	3.9737	0
3330	1501	1.1862	3.9747	0
3335	1500	1.1854	3.9758	0
3340	1501	1.1862	3.9768	0
3345	1501	1.1862	3.9779	0
3350	1501	1.1862	3.9790	0
3355	1501	1.1862	3.9779	0
3360	1501	1.1862	3.9790	0
3365	1501	1.1862	3.9800	0
3370	1500	1.1854	3.9821	0
3375	1500	1.1854	3.9800	0
3380	1502	1.1870	3.9821	0
3385	1501	1.1862	3.9811	0
3390	1500	1.1854	3.9832	0
3395	1500	1.1854	3.9832	0
3400	1500	1.1854	3.9843	0
3405	1499	1.1846	3.9832	0
3410	1501	1.1862	3.9864	0
3415	1500	1.1854	3.9864	0
3420	1500	1.1854	3.9853	0
3425	1500	1.1854	3.9864	0
3430	1500	1.1854	3.9853	0
3435	1501	1.1862	3.9874	0
3440	1500	1.1854	3.9874	0
3445	1499	1.1846	3.9874	0
3450	1500	1.1854	3.9885	0
3455	1501	1.1862	3.9885	0
3460	1500	1.1854	3.9885	0
3465	1500	1.1854	3.9895	0
3470	1501	1.1862	3.9906	0
3475	1500	1.1854	3.9917	0
3480	1500	1.1854	3.9917	0
3485	1500	1.1854	3.9927	0
3490	1500	1.1854	3.9948	0
3495	1500	1.1854	3.9927	0
3500	1499	1.1846	3.9938	0
3505	1500	1.1854	3.9948	0
3510	1501	1.1862	3.9959	0
3515	1500	1.1854	3.9970	0
3520	1500	1.1854	3.9970	0
3525	1499	1.1846	3.9970	0
3530	1500	1.1854	3.9970	0
3535	1499	1.1846	3.9970	0
3540	1500	1.1854	3.9970	0
3545	1500	1.1854	3.9980	0
3550	1500	1.1854	3.9991	0
3555	1499	1.1846	3.9980	0
3560	1500	1.1854	3.9980	0
3565	1500	1.1854	3.9991	0
3570	1500	1.1854	3.9991	0
3575	1500	1.1854	4.0001	0
3580	1500	1.1854	4.0023	0
3585	1500	1.1854	4.0023	0
3590	1500	1.1854	4.0033	0
3595	1499	1.1846	4.0023	0
3600	1500	1.1854	4.0033	0
3605	1500	1.1854	4.0044	0
3610	1500	1.1854	4.0044	0
3615	1500	1.1854	4.0054	0
3620	1500	1.1854	4.0054	0
3625	1500	1.1854	4.0054	0
3630	1499	1.1846	4.0054	0
3635	1502	1.1870	4.0076	0
3640	1500	1.1854	4.0076	0
3645	1500	1.1854	4.0065	0
3650	1502	1.1870	4.0086	0
3655	1500	1.1854	4.0076	0
3660	1499	1.1846	4.0107	0
3665	1500	1.1854	4.0076	0
3670	1500	1.1854	4.0097	0
3675	1499	1.1846	4.0097	0
3680	1499	1.1846	4.0107	0
3685	1501	1.1862	4.0097	0
3690	1501	1.1862	4.0107	0
3695	1500	1.1854	4.0129	0
3700	1500	1.1854	4.0118	0
3705	1501	1.1862	4.0107	0
3710	1500	1.1854	4.0118	0
3715	1499	1.1846	4.0139	0
3720	1499	1.1846	4.0139	0
3725	1499	1.1846	4.0139	0
3730	1500	1.1854	4.0139	0
3735	1501	1.1862	4.0139	0
3740	1500	1.1854	4.0160	0
3745	1500	1.1854	4.0160	0
3750	1500	1.1854	4.0171	0
3755	1500	1.1854	4.0160	0
3760	1500	1.1854	4.0160	0
3765	1500	1.1854	4.0160	0
3770	1500	1.1854	4.0182	0
3775	1500	1.1854	4.0182	0
3780	1500	1.1854	4.0171	0
3785	1499	1.1846	4.0182	0
3790	1499	1.1846	4.0203	0
3795	1499	1.1846	4.0192	0
3800	1500	1.1854	4.0192	0
3805	1500	1.1854	4.0213	0
3810	1500	1.1854	4.0213	0
3815	1499	1.1846	4.0203	0
3820	1499	1.1846	4.0213	0
3825	1501	1.1862	4.0234	0
3830	1500	1.1854	4.0245	0
3835	1500	1.1854	4.0224	0
3840	1501	1.1862	4.0234	0
3845	1500	1.1854	4.0234	0
3850	1500	1.1854	4.0234	0
3855	1499	1.1846	4.0224	0
3860	1499	1.1846	4.0245	0
3865	1499	1.1846	4.0245	0
3870	1499	1.1846	4.0245	0
3875	1499	1.1846	4.0266	0
3880	1500	1.1854	4.0266	0
3885	1499	1.1846	4.0266	0
3890	1500	1.1854	4.0277	0
3895	1499	1.1846	4.0266	0
3900	1501	1.1862	4.0287	0
3905	1501	1.1862	4.0277	0
3910	1500	1.1854	4.0287	0
3915	1500	1.1854	4.0287	0
3920	1499	1.1846	4.0298	0
3925	1499	1.1846	4.0287	0
3930	1499	1.1846	4.0298	0
3935	1499	1.1846	4.0298	0
3940	1501	1.1862	4.0298	0
3945	1499	1.1846	4.0298	0
3950	1500	1.1854	4.0309	0
3955	1500	1.1854	4.0309	0
3960	1500	1.1854	4.0319	0
3965	1499	1.1846	4.0330	0
3970	1499	1.1846	4.0330	0
3975	1500	1.1854	4.0319	0
3980	1499	1.1846	4.0351	0
3985	1500	1.1854	4.0340	0
3990	1499	1.1846	4.0340	0
3995	1499	1.1846	4.0351	0
4000	1499	1.1846	4.0351	0
4005	1500	1.1854	4.0351	0
4010	1500	1.1854	4.0362	0
4015	1500	1.1854	4.0362	0
4020	1499	1.1846	4.0362	0
4025	1500	1.1854	4.0362	0
4030	1500	1.1854	4.0362	0
4035	1499	1.1846	4.0372	0
4040	1498	1.1838	4.0372	0
4045	1499	1.1846	4.0383	0
4050	1499	1.1846	4.0383	0
4055	1499	1.1846	4.0372	0
4060	1500	1.1854	4.0383	0
4065	1499	1.1846	4.0393	0
4070	1500	1.1854	4.0393	0
4075	1499	1.1846	4.0393	0
4080	1501	1.1862	4.0404	0
4085	1499	1.1846	4.0393	0
4090	1499	1.1846	4.0415	0
4095	1499	1.1846	4.0404	0
4100	1500	1.1854	4.0425	0
4105	1498	1.1838	4.0415	0
4110	1499	1.1846	4.0415	0
4115	1499	1.1846	4.0436	0
4120	1500	1.1854	4.0446	0
4125	1500	1.1854	4.0436	0
4130	1500	1.1854	4.0446	0
4135	1498	1.1838	4.0446	0
4140	1500	1.1854	4.0446	0
4145	1499	1.1846	4.0457	0
4150	1499	1.1846	4.0446	0
4155	1499	1.1846	4.0446	0
4160	1498	1.1838	4.0468	0
4165	1499	1.1846	4.0446	0
4170	1499	1.1846	4.0468	0
4175	1499	1.1846	4.0457	0
4180	1500	1.1854	4.0478	0
4185	1500	1.1854	4.0446	0
4190	1500	1.1854	4.0478	0
4195	1499	1.1846	4.0478	0
4200	1499	1.1846	4.0478	0
4205	1499	1.1846	4.0478	0
4210	1499	1.1846	4.0489	0
4215	1498	1.1838	4.0468	0
4220	1499	1.1846	4.0499	0
4225	1498	1.1838	4.0499	0
4230	1500	1.1854	4.0510	0
4235	1499	1.1846	4.0489	0
4240	1500	1.1854	4.0499	0
4245	1499	1.1846	4.0489	0
4250	1499	1.1846	4.0510	0
4255	1500	1.1854	4.0510	0
4260	1499	1.1846	4.0510	0
4265	1500	1.1854	4.0510	0
4270	1498	1.1838	4.0521	0
4275	1500	1.1854	4.0521	0
4280	1501	1.1862	4.0542	0
4285	1499	1.1846	4.0521	0
4290	1500	1.1854	4.0521	0
4295	1499	1.1846	4.0531	0
4300	1499	1.1846	4.0521	0
4305	1500	1.1854	4.0542	0
4310	1499	1.1846	4.0542	0
4315	1499	1.1846	4.0552	0
4320	1499	1.1846	4.0563	0
4325	1500	1.1854	4.0552	0
4330	1499	1.1846	4.0573	0
4335	1499	1.1846	4.0563	0
4340	1498	1.1838	4.0552	0
4345	1500	1.1854	4.0563	0
4350	1499	1.1846	4.0584	0
4355	1499	1.1846	4.0573	0
4360	1500	1.1854	4.0573	0
4365	1499	1.1846	4.0573	0
4370	1500	1.1854	4.0595	0
4375	1499	1.1846	4.0584	0
4380	1500	1.1854	4.0595	0
4385	1501	1.1862	4.0595	0
4390	1499	1.1846	4.0605	0
4395	1500	1.1854	4.0595	0
4400	1500	1.1854	4.0605	0
4405	1498	1.1838	4.0616	0
4410	1500	1.1854	4.0616	0
4415	1498	1.1838	4.0605	0
4420	1499	1.1846	4.0616	0
4425	1500	1.1854	4.0616	0
4430	1501	1.1862	4.0626	0
4435	1499	1.1846	4.0626	0
4440	1499	1.1846	4.0626	0
4445	1499	1.1846	4.0616	0
4450	1499	1.1846	4.0626	0
4455	1499	1.1846	4.0637	0
4460	1499	1.1846	4.0648	0
4465	1499	1.1846	4.0637	0
4470	1500	1.1854	4.0648	0
4475	1499	1.1846	4.0637	0
4480	1498	1.1838	4.0648	0
4485	1499	1.1846	4.0637	0
4490	1499	1.1846	4.0658	0
4495	1499	1.1846	4.0658	0
4500	1499	1.1846	4.0648	0
4505	1497	1.1831	4.0669	0
4510	1498	1.1838	4.0679	0
4515	1500	1.1854	4.0658	0
4520	1499	1.1846	4.0669	0
4525	1499	1.1846	4.0648	0
4530	1500	1.1854	4.0690	0
4535	1501	1.1862	4.0679	0
4540	1498	1.1838	4.0690	0
4545	1499	1.1846	4.0679	0
4550	1499	1.1846	4.0690	0
4555	1498	1.1838	4.0679	0
4560	1499	1.1846	4.0701	0
4565	1499	1.1846	4.0690	0
4570	1500	1.1854	4.0690	0
4575	1499	1.1846	4.0701	0
4580	1499	1.1846	4.0701	0
4585	1498	1.1838	4.0711	0
4590	1499	1.1846	4.0701	0
4595	1499	1.1846	4.0701	0
4600	1499	1.1846	4.0711	0
4605	1498	1.1838	4.0722	0
4610	1499	1.1846	4.0722	0
4615	1499	1.1846	4.0722	0
4620	1500	1.1854	4.0722	0
4625	1498	1.1838	4.0732	0
4630	1501	1.1862	4.0732	0
4635	1500	1.1854	4.0732	0
4640	1499	1.1846	4.0743	0
4645	1499	1.1846	4.0743	0
4650	1500	1.1854	4.0732	0
4655	1499	1.1846	4.0754	0
4660	1499	1.1846	4.0754	0
4665	1499	1.1846	4.0754	0
4670	1499	1.1846	4.0754	0
4675	1498	1.1838	4.0775	0
4680	1499	1.1846	4.0764	0
4685	1498	1.1838	4.0754	0
4690	1499	1.1846	4.0764	0
4695	1499	1.1846	4.0764	0
4700	1501	1.1862	4.0775	0
4705	1498	1.1838	4.0775	0
4710	1498	1.1838	4.0775	0
4715	1498	1.1838	4.0775	0
4720	1498	1.1838	4.0785	0
4725	1499	1.1846	4.0785	0
4730	1498	1.1838	4.0785	0
4735	1499	1.1846	4.0796	0
4740	1499	1.1846	4.0796	0
4745	1499	1.1846	4.0785	0
4750	1499	1.1846	4.0807	0
4755	1498	1.1838	4.0796	0
4760	1500	1.1854	4.0807	0
4765	1499	1.1846	4.0807	0
4770	1499	1.1846	4.0817	0
4775	1500	1.1854	4.0807	0
4780	1499	1.1846	4.0807	0
4785	1500	1.1854	4.0807	0
4790	1500	1.1854	4.0828	0
4795	1499	1.1846	4.0817	0
4800	1499	1.1846	4.0817	0
4805	1500	1.1854	4.0838	0
4810	1500	1.1854	4.0817	0
4815	1501	1.1862	4.0838	0
4820	1499	1.1846	4.0849	0
4825	1499	1.1846	4.0838	0
4830	1499	1.1846	4.0849	0
4835	1500	1.1854	4.0838	0
4840	1498	1.1838	4.0859	0
4845	1499	1.1846	4.0838	0
4850	1498	1.1838	4.0849	0
4855	1498	1.1838	4.0870	0
4860	1498	1.1838	4.0859	0
4865	1500	1.1854	4.0859	0
4870	1499	1.1846	4.0859	0
4875	1499	1.1846	4.0870	0
4880	1498	1.1838	4.0870	0
4885	1499	1.1846	4.0870	0
4890	1499	1.1846	4.0870	0
4895	1499	1.1846	4.0870	0
4900	1498	1.1838	4.0870	0
4905	1499	1.1846	4.0881	0
4910	1499	1.1846	4.0891	0
4915	1498	1.1838	4.0870	0
4920	1498	1.1838	4.0891	0
4925	1499	1.1846	4.0891	0
4930	1500	1.1854	4.0891	0
4935	1498	1.1838	4.0902	0
4940	1499	1.1846	4.0902	0
4945	1499	1.1846	4.0912	0
4950	1498	1.1838	4.0912	0
4955	1499	1.1846	4.0902	0
4960	1498	1.1838	4.0912	0
4965	1500	1.1854	4.0923	0
4970	1498	1.1838	4.0902	0
4975	1501	1.1862	4.0934	0
4980	1499	1.1846	4.0923	0
4985	1499	1.1846	4.0912	0
4990	1499	1.1846	4.0934	0
4995	1500	1.1854	4.0934	0
5000	1499	1.1846	4.0934	0
5005	1498	1.1838	4.0923	0
5010	1499	1.1846	4.0934	0
5015	1499	1.1846	4.0934	0
5020	1497	1.1831	4.0955	0
5025	1500	1.1854	4.0934	0
5030	1499	1.1846	4.0955	0
5035	1499	1.1846	4.0955	0
5040	1498	1.1838	4.0955	0
5045	1499	1.1846	4.0965	0
5050	1499	1.1846	4.0965	0
5055	1500	1.1854	4.0976	0
5060	1499	1.1846	4.0976	0
5065	1499	1.1846	4.0976	0
5070	1498	1.1838	4.0965	0
5075	1499	1.1846	4.0965	0
5080	1499	1.1846	4.0997	0
5085	1499	1.1846	4.0987	0
5090	1498	1.1838	4.0987	0
5095	1499	1.1846	4.0987	0
5100	1498	1.1838	4.0997	0
5105	1499	1.1846	4.0987	0
5110	1498	1.1838	4.1008	0
5115	1499	1.1846	4.0997	0
5120	1498	1.1838	4.1018	0
5125	1500	1.1854	4.0997	0
5130	1499	1.1846	4.0997	0
5135	1499	1.1846	4.1018	0
5140	1499	1.1846	4.1029	0
5145	1499	1.1846	4.1018	0
5150	1499	1.1846	4.1040	0
5155	1498	1.1838	4.1018	0
5160	1500	1.1854	4.1029	0
5165	1498	1.1838	4.1040	0
5170	1499	1.1846	4.1040	0
5175	1497	1.1831	4.1050	0
5180	1499	1.1846	4.1050	0
5185	1497	1.1831	4.1040	0
5190	1496	1.1823	4.1061	0
5195	1498	1.1838	4.1029	0
5200	1499	1.1846	4.1061	0
5205	1498	1.1838	4.1061	0
5210	1500	1.1854	4.1061	0
5215	1498	1.1838	4.1061	0
5220	1499	1.1846	4.1071	0
5225	1498	1.1838	4.1061	0
5230	1500	1.1854	4.1082	0
5235	1499	1.1846	4.1093	0
5240	1499	1.1846	4.1093	0
5245	1497	1.1831	4.1071	0
5250	1499	1.1846	4.1103	0
5255	1499	1.1846	4.1093	0
5260	1499	1.1846	4.1103	0
5265	1499	1.1846	4.1093	0
5270	1499	1.1846	4.1103	0
5275	1497	1.1831	4.1103	0
5280	1498	1.1838	4.1103	0
5285	1498	1.1838	4.1114	0
5290	1499	1.1846	4.1124	0
5295	1499	1.1846	4.1124	0
5300	1498	1.1838	4.1124	0
5305	1499	1.1846	4.1135	0
5310	1499	1.1846	4.1135	0
5315	1498	1.1838	4.1135	0
5320	1498	1.1838	4.1135	0
5325	1497	1.1831	4.1146	0
5330	1497	1.1831	4.1135	0
5335	1498	1.1838	4.1135	0
5340	1496	1.1823	4.1156	0
5345	1495	1.1815	4.1135	0
5350	1495	1.1815	4.1167	0
5355	1494	1.1807	4.1167	0
5360	1492	1.1791	4.1177	0
5365	1493	1.1799	4.1167	0
5370	1492	1.1791	4.1177	0
5375	1491	1.1783	4.1167	0
5380	1490	1.1775	4.1177	0
5385	1490	1.1775	4.1167	0
5390	1488	1.1759	4.1177	0
5395	1487	1.1752	4.1177	0
5400	1486	1.1744	4.1188	0
5405	1485	1.1736	4.1198	0
5410	1485	1.1736	4.1198	0
5415	1483	1.1720	4.1209	0
5420	1482	1.1712	4.1209	0
5425	1482	1.1712	4.1220	0
5430	1480	1.1696	4.1209	0
5435	1480	1.1696	4.1209	0
5440	1480	1.1696	4.1209	0
5445	1479	1.1688	4.1230	0
5450	1478	1.1680	4.1230	0
5455	1476	1.1665	4.1220	0
5460	1475	1.1657	4.1230	0
5465	1475	1.1657	4.1230	0
5470	1472	1.1633	4.1241	0
5475	1473	1.1641	4.1230	0
5480	1472	1.1633	4.1230	0
5485	1471	1.1625	4.1241	0
5490	1469	1.1609	4.1262	0
5495	1468	1.1601	4.1241	0
5500	1467	1.1593	4.1251	0
5505	1465	1.1578	4.1273	0
5510	1467	1.1593	4.1262	0
5515	1465	1.1578	4.1262	0
5520	1464	1.1570	4.1262	0
5525	1463	1.1562	4.1262	0
5530	1461	1.1546	4.1283	0
5535	1461	1.1546	4.1273	0
5540	1458	1.1522	4.1283	0
5545	1458	1.1522	4.1283	0
5550	1457	1.1514	4.1283	0
5555	1456	1.1507	4.1294	0
5560	1455	1.1499	4.1294	0
5565	1455	1.1499	4.1294	0
5570	1453	1.1483	4.1283	0
5575	1453	1.1483	4.1304	0
5580	1451	1.1467	4.1315	0
5585	1449	1.1451	4.1304	0
5590	1449	1.1451	4.1315	0
5595	1447	1.1435	4.1326	0
5600	1447	1.1435	4.1315	0
5605	1444	1.1412	4.1326	0
5610	1444	1.1412	4.1326	0
5615	1443	1.1404	4.1336	0
5620	1443	1.1404	4.1336	0
5625	1442	1.1396	4.1347	0
5630	1442	1.1396	4.1336	0
5635	1438	1.1364	4.1336	0
5640	1439	1.1372	4.1357	0
5645	1436	1.1348	4.1347	0
5650	1434	1.1333	4.1368	0
5655	1433	1.1325	4.1357	0
5660	1432	1.1317	4.1379	0
5665	1432	1.1317	4.1368	0
5670	1430	1.1301	4.1379	0
5675	1429	1.1293	4.1368	0
5680	1429	1.1293	4.1389	0
5685	1427	1.1277	4.1379	0
5690	1425	1.1262	4.1389	0
5695	1423	1.1246	4.1389	0
5700	1424	1.1254	4.1389	0
5705	1424	1.1254	4.1389	0
5710	1420	1.1222	4.1400	0
5715	1420	1.1222	4.1389	0
5720	1418	1.1206	4.1410	0
5725	1418	1.1206	4.1421	0
5730	1417	1.1198	4.1421	0
5735	1414	1.1175	4.1421	0
5740	1415	1.1183	4.1410	0
5745	1410	1.1143	4.1421	0
5750	1411	1.1151	4.1432	0
5755	1410	1.1143	4.1432	0
5760	1408	1.1127	4.1432	0
5765	1407	1.1119	4.1432	0
5770	1405	1.1103	4.1442	0
5775	1405	1.1103	4.1432	0
5780	1403	1.1088	4.1442	0
5785	1401	1.1072	4.1442	0
5790	1402	1.1080	4.1453	0
5795	1400	1.1064	4.1453	0
5800	1397	1.1040	4.1474	0
5805	1397	1.1040	4.1463	0
5810	1395	1.1024	4.1474	0
5815	1395	1.1024	4.1463	0
5820	1393	1.1009	4.1485	0
5825	1392	1.1001	4.1485	0
5830	1390	1.0985	4.1485	0
5835	1389	1.0977	4.1485	0
5840	1386	1.0953	4.1495	0
5845	1385	1.0945	4.1485	0
5850	1384	1.0938	4.1495	0
5855	1384	1.0938	4.1485	0
5860	1383	1.0930	4.1506	0
5865	1381	1.0914	4.1495	0
5870	1379	1.0898	4.1495	0
5875	1378	1.0890	4.1516	0
5880	1376	1.0874	4.1516	0
5885	1376	1.0874	4.1516	0
5890	1374	1.0858	4.1527	0
5895	1373	1.0851	4.1527	0
5900	1371	1.0835	4.1537	0
5905	1369	1.0819	4.1537	0
5910	1369	1.0819	4.1537	0
5915	1367	1.0803	4.1537	0
5920	1366	1.0795	4.1548	0
5925	1364	1.0779	4.1559	0
5930	1363	1.0772	4.1548	0
5935	1360	1.0748	4.1559	0
5940	1360	1.0748	4.1559	0
5945	1357	1.0724	4.1548	0
5950	1358	1.0732	4.1569	0
5955	1355	1.0708	4.1569	0
5960	1354	1.0700	4.1559	0
5965	1353	1.0693	4.1580	0
5970	1352	1.0685	4.1580	0
5975	1351	1.0677	4.1590	0
5980	1348	1.0653	4.1580	0
5985	1348	1.0653	4.1580	0
5990	1346	1.0637	4.1590	0
5995	1345	1.0629	4.1590	0
6000	1343	1.0614	4.1590	0
6005	1341	1.0598	4.1590	0
6010	1339	1.0582	4.1601	0
6015	1337	1.0566	4.1601	0
6020	1336	1.0558	4.1612	0
6025	1336	1.0558	4.1622	0
6030	1333	1.0534	4.1612	0
6035	1333	1.0534	4.1612	0
6040	1332	1.0527	4.1612	0
6045	1331	1.0519	4.1622	0
6050	1328	1.0495	4.1633	0
6055	1325	1.0471	4.1633	0
6060	1326	1.0479	4.1633	0
6065	1323	1.0455	4.1633	0
6070	1322	1.0448	4.1643	0
6075	1321	1.0440	4.1633	0
6080	1318	1.0416	4.1643	0
6085	1318	1.0416	4.1643	0
6090	1315	1.0392	4.1654	0
6095	1314	1.0384	4.1665	0
6100	1314	1.0384	4.1654	0
6105	1312	1.0369	4.1654	0
6110	1310	1.0353	4.1654	0
6115	1310	1.0353	4.1675	0
6120	1308	1.0337	4.1654	0
6125	1307	1.0329	4.1675	0
6130	1305	1.0313	4.1665	0
6135	1304	1.0305	4.1665	0
6140	1302	1.0289	4.1675	0
6145	1300	1.0274	4.1686	0
6150	1298	1.0258	4.1686	0
6155	1298	1.0258	4.1665	0
6160	1295	1.0234	4.1675	0
6165	1295	1.0234	4.1675	0
6170	1292	1.0210	4.1675	0
6175	1291	1.0203	4.1675	0
6180	1289	1.0187	4.1675	0
6185	1287	1.0171	4.1686	0
6190	1288	1.0179	4.1696	0
6195	1286	1.0163	4.1707	0
6200	1283	1.0139	4.1696	0
6205	1281	1.0124	4.1707	0
6210	1280	1.0116	4.1707	0
6215	1279	1.0108	4.1707	0
6220	1277	1.0092	4.1696	0
6225	1276	1.0084	4.1707	0
6230	1275	1.0076	4.1686	0
6235	1274	1.0068	4.1728	0
6240	1271	1.0044	4.1707	0
6245	1271	1.0044	4.1707	0
6250	1268	1.0021	4.1718	0
6255	1268	1.0021	4.1707	0
6260	1266	1.0005	4.1728	0
6265	1264	0.9989	4.1718	0
6270	1263	0.9981	4.1728	0
6275	1261	0.9965	4.1739	0
6280	1260	0.9958	4.1728	0
6285	1257	0.9934	4.1728	0
6290	1257	0.9934	4.1739	0
6295	1255	0.9918	4.1728	0
6300	1253	0.9902	4.1728	0
6305	1253	0.9902	4.1728	0
6310	1252	0.9894	4.1728	0
6315	1248	0.9863	4.1739	0
6320	1246	0.9847	4.1739	0
6325	1247	0.9855	4.1728	0
6330	1245	0.9839	4.1739	0
6335	1242	0.9815	4.1739	0
6340	1242	0.9815	4.1739	0
6345	1241	0.9807	4.1749	0
6350	1238	0.9784	4.1749	0
6355	1237	0.9776	4.1739	0
6360	1236	0.9768	4.1749	0
6365	1234	0.9752	4.1739	0
6370	1232	0.9736	4.1760	0
6375	1232	0.9736	4.1749	0
6380	1231	0.9728	4.1749	0
6385	1229	0.9713	4.1760	0
6390	1226	0.9689	4.1749	0
6395	1223	0.9665	4.1760	0
6400	1223	0.9665	4.1771	0
6405	1224	0.9673	4.1760	0
6410	1220	0.9641	4.1771	0
6415	1219	0.9634	4.1749	0
6420	1217	0.9618	4.1771	0
6425	1215	0.9602	4.1771	0
6430	1213	0.9586	4.1771	0
6435	1213	0.9586	4.1760	0
6440	1210	0.9562	4.1771	0
6445	1210	0.9562	4.1771	0
6450	1210	0.9562	4.1771	0
6455	1206	0.9531	4.1771	0
6460	1204	0.9515	4.1771	0
6465	1203	0.9507	4.1771	0
6470	1203	0.9507	4.1771	0
6475	1200	0.9483	4.1771	0
6480	1200	0.9483	4.1771	0
6485	1198	0.9468	4.1792	0
6490	1195	0.9444	4.1771	0
6495	1194	0.9436	4.1771	0
6500	1193	0.9428	4.1771	0
6505	1192	0.9420	4.1771	0
6510	1190	0.9404	4.1781	0
6515	1187	0.9381	4.1781	0
6520	1188	0.9389	4.1771	0
6525	1185	0.9365	4.1781	0
6530	1184	0.9357	4.1792	0
6535	1183	0.9349	4.1792	0
6540	1179	0.9317	4.1781	0
6545	1178	0.9310	4.1781	0
6550	1175	0.9286	4.1792	0
6555	1174	0.9278	4.1781	0
6560	1174	0.9278	4.1792	0
6565	1172	0.9262	4.1792	0
6570	1171	0.9254	4.1792	0
6575	1169	0.9238	4.1792	0
6580	1169	0.9238	4.1792	0
6585	1168	0.9231	4.1802	0
6590	1164	0.9199	4.1792	0
6595	1163	0.9191	4.1792	0
6600	1161	0.9175	4.1781	0
6605	1159	0.9159	4.1802	0
6610	1159	0.9159	4.1802	0
6615	1157	0.9144	4.1792	0
6620	1156	0.9136	4.1792	0
6625	1154	0.9120	4.1792	0
6630	1152	0.9104	4.1813	0
6635	1151	0.9096	4.1802	0
6640	1149	0.9080	4.1792	0
6645	1148	0.9072	4.1792	0
6650	1146	0.9057	4.1802	0
6655	1144	0.9041	4.1813	0
6660	1143	0.9033	4.1792	0
6665	1141	0.9017	4.1824	0
6670	1139	0.9001	4.1802	0
6675	1138	0.8993	4.1813	0
6680	1138	0.8993	4.1813	0
6685	1133	0.8954	4.1813	0
6690	1133	0.8954	4.1792	0
6695	1131	0.8938	4.1813	0
6700	1132	0.8946	4.1802	0
6705	1128	0.8914	4.1802	0
6710	1126	0.8899	4.1802	0
6715	1124	0.8883	4.1813	0
6720	1122	0.8867	4.1813	0
6725	1123	0.8875	4.1802	0
6730	1121	0.8859	4.1824	0
6735	1120	0.8851	4.1802	0
6740	1117	0.8827	4.1813	0
6745	1116	0.8820	4.1802	0
6750	1115	0.8812	4.1802	0
6755	1114	0.8804	4.1813	0
6760	1111	0.8780	4.1824	0
6765	1112	0.8788	4.1813	0
6770	1109	0.8764	4.1813	0
6775	1106	0.8741	4.1802	0
6780	1104	0.8725	4.1813	0
6785	1103	0.8717	4.1813	0
6790	1103	0.8717	4.1813	0
6795	1102	0.8709	4.1834	0
6800	1099	0.8685	4.1824	0
6805	1097	0.8669	4.1813	0
6810	1096	0.8662	4.1802	0
6815	1095	0.8654	4.1824	0
6820	1093	0.8638	4.1813	0
6825	1092	0.8630	4.1813	0
6830	1091	0.8622	4.1824	0
6835	1088	0.8598	4.1813	0
6840	1086	0.8582	4.1824	0
6845	1086	0.8582	4.1813	0
6850	1085	0.8575	4.1824	0
6855	1081	0.8543	4.1813	0
6860	1082	0.8551	4.1813	0
6865	1079	0.8527	4.1824	0
6870	1076	0.8503	4.1834	0
6875	1076	0.8503	4.1824	0
6880	1074	0.8488	4.1824	0
6885	1074	0.8488	4.1813	0
6890	1071	0.8464	4.1824	0
6895	1070	0.8456	4.1813	0
6900	1069	0.8448	4.1824	0
6905	1067	0.8432	4.1813	0
6910	1065	0.8417	4.1813	0
6915	1065	0.8417	4.1824	0
6920	1061	0.8385	4.1824	0
6925	1061	0.8385	4.1824	0
6930	1059	0.8369	4.1813	0
6935	1057	0.8353	4.1824	0
6940	1056	0.8345	4.1824	0
6945	1053	0.8322	4.1824	0
6950	1053	0.8322	4.1834	0
6955	1052	0.8314	4.1824	0
6960	1049	0.8290	4.1824	0
6965	1050	0.8298	4.1824	0
6970	1046	0.8266	4.1824	0
6975	1046	0.8266	4.1824	0
6980	1044	0.8251	4.1845	0
6985	1042	0.8235	4.1824	0
6990	1041	0.8227	4.1834	0
6995	1040	0.8219	4.1824	0
7000	1039	0.8211	4.1834	0
7005	1037	0.8195	4.1834	0
7010	1036	0.8187	4.1824	0
7015	1031	0.8148	4.1824	0
7020	1032	0.8156	4.1824	0
7025	1029	0.8132	4.1834	0
7030	1029	0.8132	4.1834	0
7035	1028	0.8124	4.1824	0
7040	1026	0.8108	4.1834	0
7045	1024	0.8092	4.1824	0
7050	1024	0.8092	4.1824	0
7055	1019	0.8053	4.1834	0
7060	1019	0.8053	4.1834	0
7065	1017	0.8037	4.1845	0
7070	1016	0.8029	4.1834	0
7075	1015	0.8021	4.1834	0
7080	1013	0.8006	4.1845	0
7085	1012	0.7998	4.1834	0
7090	1010	0.7982	4.1834	0
7095	1010	0.7982	4.1845	0
7100	1007	0.7958	4.1834	0
7105	1007	0.7958	4.1834	0
7110	1006	0.7950	4.1834	0
7115	1004	0.7934	4.1834	0
7120	1002	0.7919	4.1845	0
7125	1000	0.7903	4.1824	0
7130	999	0.7895	4.1845	0
7135	996	0.7871	4.1824	0
7140	994	0.7855	4.1845	0
7145	996	0.7871	4.1845	0
7150	993	0.7848	4.1845	0
7155	991	0.7832	4.1845	0
7160	991	0.7832	4.1845	0
7165	988	0.7808	4.1845	0
7170	987	0.7800	4.1845	0
7175	986	0.7792	4.1855	0
7180	984	0.7776	4.1845	0
7185	980	0.7745	4.1845	0
7190	981	0.7753	4.1845	0
7195	980	0.7745	4.1845	0
7200	977	0.7721	4.1845	0
7205	978	0.7729	4.1845	0
7210	975	0.7705	4.1855	0
7215	974	0.7697	4.1845	0
7220	971	0.7674	4.1855	0
7225	970	0.7666	4.1845	0
7230	967	0.7642	4.1855	0
7235	967	0.7642	4.1845	0
7240	966	0.7634	4.1834	0
7245	964	0.7618	4.1845	0
7250	963	0.7610	4.1845	0
7255	961	0.7595	4.1845	0
7260	961	0.7595	4.1855	0
7265	960	0.7587	4.1866	0
7270	957	0.7563	4.1845	0
7275	955	0.7547	4.1845	0
7280	954	0.7539	4.1845	0
7285	952	0.7523	4.1845	0
7290	950	0.7508	4.1855	0
7295	948	0.7492	4.1845	0
7300	948	0.7492	4.1866	0
7305	947	0.7484	4.1845	0
7310	945	0.7468	4.1855	0
7315	944	0.7460	4.1845	0
7320	941	0.7437	4.1855	0
7325	941	0.7437	4.1845	0
7330	940	0.7429	4.1855	0
7335	938	0.7413	4.1855	0
7340	938	0.7413	4.1855	0
7345	935	0.7389	4.1855	0
7350	933	0.7373	4.1845	0
7355	930	0.7350	4.1866	0
7360	929	0.7342	4.1855	0
7365	927	0.7326	4.1866	0
7370	927	0.7326	4.1855	0
7375	925	0.7310	4.1855	0
7380	922	0.7286	4.1866	0
7385	924	0.7302	4.1866	0
7390	921	0.7279	4.1866	0
7395	919	0.7263	4.1866	0
7400	918	0.7255	4.1866	0
7405	918	0.7255	4.1855	0
7410	915	0.7231	4.1866	0
7415	913	0.7215	4.1855	0
7420	912	0.7207	4.1855	0
7425	911	0.7199	4.1855	0
7430	907	0.7168	4.1887	0
7435	906	0.7160	4.1866	0
7440	905	0.7152	4.1866	0
7445	906	0.7160	4.1855	0
7450	903	0.7136	4.1855	0
7455	902	0.7128	4.1855	0
7460	900	0.7113	4.1866	0
7465	899	0.7105	4.1876	0
7470	896	0.7081	4.1876	0
7475	894	0.7065	4.1866	0
7480	893	0.7057	4.1855	0
7485	893	0.7057	4.1866	0
7490	890	0.7034	4.1876	0
7495	889	0.7026	4.1876	0
7500	889	0.7026	4.1866	0
7505	885	0.6994	4.1866	0
7510	884	0.6986	4.1866	0
7515	882	0.6970	4.1855	0
7520	880	0.6954	4.1866	0
7525	879	0.6947	4.1887	0
7530	880	0.6954	4.1876	0
7535	876	0.6923	4.1866	0
7540	875	0.6915	4.1866	0
7545	872	0.6891	4.1866	0
7550	872	0.6891	4.1866	0
7555	870	0.6875	4.1866	0
7560	867	0.6852	4.1876	0
7565	868	0.6860	4.1866	0
7570	867	0.6852	4.1866	0
7575	867	0.6852	4.1866	0
7580	864	0.6828	4.1866	0
7585	863	0.6820	4.1876	0
7590	860	0.6796	4.1876	0
7595	858	0.6781	4.1876	0
7600	857	0.6773	4.1866	0
7605	855	0.6757	4.1876	0
7610	853	0.6741	4.1876	0
7615	852	0.6733	4.1876	0
7620	849	0.6710	4.1876	0
7625	850	0.6717	4.1866	0
7630	849	0.6710	4.1876	0
7635	846	0.6686	4.1887	0
7640	845	0.6678	4.1887	0
7645	843	0.6662	4.1876	0
7650	843	0.6662	4.1876	0
7655	841	0.6646	4.1876	0
7660	841	0.6646	4.1876	0
7665	839	0.6630	4.1876	0
7670	836	0.6607	4.1876	0
7675	834	0.6591	4.1876	0
7680	834	0.6591	4.1876	0
7685	830	0.6559	4.1876	0
7690	830	0.6559	4.1887	0
7695	830	0.6559	4.1887	0
7700	829	0.6551	4.1876	0
7705	825	0.6520	4.1876	0
7710	824	0.6512	4.1876	0
7715	822	0.6496	4.1887	0
7720	822	0.6496	4.1876	0
7725	820	0.6480	4.1887	0
7730	819	0.6472	4.1887	0
7735	816	0.6449	4.1876	0
7740	814	0.6433	4.1887	0
7745	814	0.6433	4.1887	0
7750	813	0.6425	4.1887	0
7755	812	0.6417	4.1876	0
7760	810	0.6401	4.1876	0
7765	808	0.6385	4.1887	0
7770	806	0.6370	4.1876	0
7775	805	0.6362	4.1887	0
7780	804	0.6354	4.1876	0
7785	801	0.6330	4.1887	0
7790	800	0.6322	4.1898	0
7795	799	0.6314	4.1887	0
7800	797	0.6299	4.1876	0
7805	797	0.6299	4.1887	0
7810	795	0.6283	4.1887	0
7815	794	0.6275	4.1876	0
7820	791	0.6251	4.1887	0
7825	789	0.6235	4.1898	0
7830	789	0.6235	4.1876	0
7835	789	0.6235	4.1887	0
7840	785	0.6204	4.1876	0
7845	786	0.6212	4.1887	0
7850	782	0.6180	4.1887	0
7855	781	0.6172	4.1887	0
7860	779	0.6156	4.1898	0
7865	778	0.6148	4.1876	0
7870	775	0.6125	4.1887	0
7875	776	0.6133	4.1898	0
7880	773	0.6109	4.1898	0
7885	772	0.6101	4.1898	0
7890	771	0.6093	4.1887	0
7895	771	0.6093	4.1898	0
7900	767	0.6061	4.1887	0
7905	767	0.6061	4.1876	0
7910	764	0.6038	4.1898	0
7915	763	0.6030	4.1898	0
7920	760	0.6006	4.1898	0
7925	760	0.6006	4.1887	0
7930	757	0.5982	4.1898	0
7935	757	0.5982	4.1898	0
7940	756	0.5975	4.1887	0
7945	753	0.5951	4.1898	0
7950	752	0.5943	4.1898	0
7955	752	0.5943	4.1908	0
7960	750	0.5927	4.1908	0
7965	749	0.5919	4.1908	0
7970	746	0.5896	4.1908	0
7975	746	0.5896	4.1898	0
7980	744	0.5880	4.1898	0
7985	742	0.5864	4.1908	0
7990	741	0.5856	4.1919	0
7995	740	0.5848	4.1908	0
8000	739	0.5840	4.1908	0
8005	736	0.5816	4.1898	0
8010	735	0.5809	4.1887	0
8015	733	0.5793	4.1908	0
8020	734	0.5801	4.1898	0
8025	733	0.5793	4.1908	0
8030	729	0.5761	4.1908	0
8035	728	0.5753	4.1898	0
8040	727	0.5745	4.1908	0
8045	724	0.5722	4.1898	0
8050	723	0.5714	4.1898	0
8055	723	0.5714	4.1908	0
8060	721	0.5698	4.1908	0
8065	719	0.5682	4.1887	0
8070	718	0.5674	4.1898	0
8075	715	0.5651	4.1919	0
8080	714	0.5643	4.1908	0
8085	713	0.5635	4.1908	0
8090	713	0.5635	4.1908	0
8095	710	0.5611	4.1919	0
8100	708	0.5595	4.1908	0
8105	707	0.5587	4.1908	0
8110	704	0.5564	4.1908	0
8115	705	0.5571	4.1908	0
8120	703	0.5556	4.1908	0
8125	702	0.5548	4.1898	0
8130	701	0.5540	4.1908	0
8135	699	0.5524	4.1908	0
8140	697	0.5508	4.1908	0
8145	696	0.5500	4.1908	0
8150	697	0.5508	4.1919	0
8155	693	0.5477	4.1908	0
8160	692	0.5469	4.1919	0
8165	690	0.5453	4.1919	0
8170	688	0.5437	4.1919	0
8175	687	0.5429	4.1919	0
8180	685	0.5413	4.1908	0
8185	684	0.5406	4.1919	0
8190	682	0.5390	4.1919	0
8195	681	0.5382	4.1908	0
8200	680	0.5374	4.1919	0
8205	678	0.5358	4.1919	0
8210	678	0.5358	4.1919	0
8215	676	0.5342	4.1919	0
8220	674	0.5327	4.1908	0
8225	672	0.5311	4.1919	0
8230	670	0.5295	4.1919	0
8235	669	0.5287	4.1908	0
8240	670	0.5295	4.1929	0
8245	668	0.5279	4.1908	0
8250	665	0.5255	4.1929	0
8255	663	0.5240	4.1929	0
8260	661	0.5224	4.1929	0
8265	661	0.5224	4.1908	0
8270	659	0.5208	4.1929	0
8275	659	0.5208	4.1919	0
8280	657	0.5192	4.1919	0
8285	655	0.5176	4.1919	0
8290	655	0.5176	4.1919	0
8295	653	0.5161	4.1908	0
8300	651	0.5145	4.1919	0
8305	650	0.5137	4.1919	0
8310	648	0.5121	4.1919	0
8315	646	0.5105	4.1919	0
8320	644	0.5089	4.1908	0
8325	643	0.5082	4.1919	0
8330	643	0.5082	4.1908	0
8335	640	0.5058	4.1929	0
8340	639	0.5050	4.1919	0
8345	639	0.5050	4.1929	0
8350	637	0.5034	4.1919	0
8355	635	0.5018	4.1929	0
8360	635	0.5018	4.1919	0
8365	632	0.4995	4.1929	0
8370	631	0.4987	4.1919	0
8375	629	0.4971	4.1929	0
8380	627	0.4955	4.1929	0
8385	627	0.4955	4.1940	0
8390	627	0.4955	4.1929	0
8395	624	0.4931	4.1929	0
8400	622	0.4916	4.1919	0
8405	621	0.4908	4.1929	0
8410	620	0.4900	4.1919	0
8415	618	0.4884	4.1940	0
8420	617	0.4876	4.1929	0
8425	615	0.4860	4.1919	0
8430	614	0.4852	4.1940	0
8435	613	0.4844	4.1929	0
8440	612	0.4837	4.1929	0
8445	609	0.4813	4.1940	0
8450	609	0.4813	4.1929	0
8455	606	0.4789	4.1940	0
8460	607	0.4797	4.1940	0
8465	607	0.4797	4.1919	0
8470	603	0.4765	4.1940	0
8475	601	0.4750	4.1929	0
8480	602	0.4758	4.1929	0
8485	600	0.4742	4.1940	0
8490	596	0.4710	4.1940	0
8495	597	0.4718	4.1929	0
8500	595	0.4702	4.1919	0
8505	593	0.4686	4.1929	0
8510	592	0.4678	4.1940	0
8515	590	0.4663	4.1940	0
8520	591	0.4671	4.1929	0
8525	589	0.4655	4.1940	0
8530	587	0.4639	4.1940	0
8535	586	0.4631	4.1940	0
8540	583	0.4607	4.1951	0
8545	582	0.4599	4.1940	0
8550	581	0.4592	4.1929	0
8555	582	0.4599	4.1940	0
8560	579	0.4576	4.1929	0
8565	576	0.4552	4.1940	0
8570	577	0.4560	4.1940	0
8575	576	0.4552	4.1929	0
8580	572	0.4520	4.1951	0
8585	572	0.4520	4.1929	0
8590	571	0.4513	4.1940	0
8595	570	0.4505	4.1940	0
8600	567	0.4481	4.1929	0
8605	567	0.4481	4.1940	0
8610	566	0.4473	4.1951	0
8615	565	0.4465	4.1951	0
8620	563	0.4449	4.1951	0
8625	562	0.4441	4.1940	0
8630	560	0.4426	4.1940	0
8635	558	0.4410	4.1951	0
8640	557	0.4402	4.1940	0
8645	557	0.4402	4.1951	0
8650	554	0.4378	4.1961	0
8655	554	0.4378	4.1940	0
8660	551	0.4354	4.1940	0
8665	552	0.4362	4.1951	0
8670	551	0.4354	4.1940	0
8675	548	0.4331	4.1951	0
8680	547	0.4323	4.1940	0
8685	545	0.4307	4.1951	0
8690	544	0.4299	4.1951	0
8695	543	0.4291	4.1961	0
8700	543	0.4291	4.1951	0
8705	540	0.4268	4.1961	0
8710	539	0.4260	4.1951	0
8715	538	0.4252	4.1951	0
8720	536	0.4236	4.1940	0
8725	535	0.4228	4.1940	0
8730	534	0.4220	4.1940	0
8735	533	0.4212	4.1961	0
8740	533	0.4212	4.1951	0
8745	531	0.4196	4.1961	0
8750	527	0.4165	4.1951	0
8755	529	0.4181	4.1951	0
8760	527	0.4165	4.1961	0
8765	526	0.4157	4.1940	0
8770	522	0.4125	4.1951	0
8775	523	0.4133	4.1961	0
8780	523	0.4133	4.1961	0
8785	520	0.4109	4.1951	0
8790	520	0.4109	4.1951	0
8795	518	0.4094	4.1951	0
8800	517	0.4086	4.1940	0
8805	516	0.4078	4.1951	0
8810	515	0.4070	4.1951	0
8815	514	0.4062	4.1961	0
8820	513	0.4054	4.1951	0
8825	512	0.4046	4.1951	0
8830	511	0.4038	4.1951	0
8835	511	0.4038	4.1951	0
8840	511	0.4038	4.1961	0
8845	511	0.4038	4.1961	0
8850	510	0.4030	4.1961	0
8855	509	0.4023	4.1961	0
8860	509	0.4023	4.1961	0
8865	508	0.4015	4.1961	0
8870	508	0.4015	4.1951	0
8875	507	0.4007	4.1951	0
8880	505	0.3991	4.1951	0
8885	505	0.3991	4.1961	0
8890	502	0.3967	4.1961	0
8895	503	0.3975	4.1961	0
8900	500	0.3951	4.1951	0
8905	499	0.3944	4.1961	0
8910	499	0.3944	4.1961	0
8915	498	0.3936	4.1961	0
8920	496	0.3920	4.1961	0
8925	496	0.3920	4.1972	0
8930	494	0.3904	4.1951	0
8935	494	0.3904	4.1961	0
8940	491	0.3880	4.1961	0
8945	491	0.3880	4.1951	0
8950	489	0.3864	4.1951	0
8955	488	0.3857	4.1961	0
8960	486	0.3841	4.1961	0
8965	483	0.3817	4.1972	0
8970	484	0.3825	4.1961	0
8975	483	0.3817	4.1972	0
8980	481	0.3801	4.1951	0
8985	481	0.3801	4.1961	0
8990	481	0.3801	4.1951	0
8995	478	0.3778	4.1961	0
9000	477	0.3770	4.1961	0
9005	476	0.3762	4.1961	0
9010	476	0.3762	4.1972	0
9015	474	0.3746	4.1961	0
9020	472	0.3730	4.1972	0
9025	473	0.3738	4.1961	0
9030	471	0.3722	4.1972	0
9035	469	0.3706	4.1972	0
9040	468	0.3699	4.1961	0
9045	467	0.3691	4.1951	0
9050	465	0.3675	4.1972	0
9055	465	0.3675	4.1972	0
9060	463	0.3659	4.1961	0
9065	462	0.3651	4.1972	0
9070	462	0.3651	4.1972	0
9075	461	0.3643	4.1961	0
9080	460	0.3635	4.1972	0
9085	459	0.3627	4.1951	0
9090	456	0.3604	4.1972	0
9095	457	0.3612	4.1961	0
9100	455	0.3596	4.1972	0
9105	454	0.3588	4.1961	0
9110	452	0.3572	4.1961	0
9115	451	0.3564	4.1972	0
9120	451	0.3564	4.1982	0
9125	449	0.3548	4.1972	0
9130	449	0.3548	4.1972	0
9135	447	0.3533	4.1972	0
9140	445	0.3517	4.1972	0
9145	446	0.3525	4.1961	0
9150	444	0.3509	4.1982	0
9155	442	0.3493	4.1972	0
9160	441	0.3485	4.1972	0
9165	440	0.3477	4.1972	0
9170	439	0.3469	4.1972	0
9175	439	0.3469	4.1961	0
9180	438	0.3461	4.1961	0
9185	436	0.3446	4.1982	0
9190	434	0.3430	4.1972	0
9195	433	0.3422	4.1972	0
9200	432	0.3414	4.1972	0
9205	432	0.3414	4.1972	0
9210	429	0.3390	4.1972	0
9215	429	0.3390	4.1972	0
9220	428	0.3382	4.1972	0
9225	428	0.3382	4.1972	0
9230	424	0.3351	4.1972	0
9235	425	0.3359	4.1982	0
9240	425	0.3359	4.1982	0
9245	424	0.3351	4.1972	0
9250	421	0.3327	4.1961	0
9255	422	0.3335	4.1972	0
9260	419	0.3311	4.1972	0
9265	420	0.3319	4.1972	0
9270	417	0.3295	4.1972	0
9275	417	0.3295	4.1961	0
9280	416	0.3288	4.1982	0
9285	415	0.3280	4.1972	0
9290	412	0.3256	4.1972	0
9295	413	0.3264	4.1972	0
9300	411	0.3248	4.1972	0
9305	412	0.3256	4.1972	0
9310	410	0.3240	4.1993	0
9315	407	0.3216	4.1972	0
9320	407	0.3216	4.1982	0
9325	407	0.3216	4.1982	0
9330	404	0.3193	4.1972	0
9335	404	0.3193	4.1972	0
9340	404	0.3193	4.1972	0
9345	402	0.3177	4.1972	0
9350	402	0.3177	4.1972	0
9355	400	0.3161	4.1972	0
9360	397	0.3137	4.1982	0
9365	399	0.3153	4.1982	0
9370	398	0.3145	4.1982	0
9375	395	0.3122	4.1982	0
9380	396	0.3130	4.1982	0
9385	395	0.3122	4.1982	0
9390	395	0.3122	4.1982	0
9395	394	0.3114	4.1982	0
9400	392	0.3098	4.1993	0
9405	389	0.3074	4.1993	0
9410	389	0.3074	4.1982	0
9415	388	0.3066	4.1993	0
9420	388	0.3066	4.1982	0
9425	386	0.3050	4.1982	0
9430	384	0.3035	4.1982	0
9435	384	0.3035	4.1993	0
9440	382	0.3019	4.1993	0
9445	382	0.3019	4.1982	0
9450	381	0.3011	4.1982	0
9455	381	0.3011	4.1982	0
9460	379	0.2995	4.1993	0
9465	379	0.2995	4.1993	0
9470	377	0.2979	4.1982	0
9475	377	0.2979	4.1982	0
9480	375	0.2964	4.1993	0
9485	375	0.2964	4.1993	0
9490	372	0.2940	4.1993	0
9495	372	0.2940	4.1982	0
9500	372	0.2940	4.1972	0
9505	372	0.2940	4.1982	0
9510	370	0.2924	4.2004	0
9515	369	0.2916	4.1993	0
9520	367	0.2900	4.1993	0
9525	367	0.2900	4.1982	0
9530	366	0.2892	4.1982	0
9535	365	0.2885	4.1993	0
9540	364	0.2877	4.1993	0
9545	364	0.2877	4.1993	0
9550	363	0.2869	4.1982	0
9555	362	0.2861	4.1982	0
9560	361	0.2853	4.1982	0
9565	359	0.2837	4.1993	0
9570	359	0.2837	4.1993	0
9575	359	0.2837	4.1982	0
9580	356	0.2813	4.1993	0
9585	357	0.2821	4.1982	0
9590	355	0.2806	4.1993	0
9595	354	0.2798	4.1993	0
9600	353	0.2790	4.1993	0
9605	354	0.2798	4.1982	0
9610	352	0.2782	4.1993	0
9615	352	0.2782	4.1993	0
9620	349	0.2758	4.1982	0
9625	347	0.2742	4.1993	0
9630	350	0.2766	4.1993	0
9635	348	0.2750	4.2004	0
9640	347	0.2742	4.1993	0
9645	345	0.2726	4.1993	0
9650	345	0.2726	4.1993	0
9655	344	0.2719	4.1993	0
9660	342	0.2703	4.1993	0
9665	341	0.2695	4.1982	0
9670	340	0.2687	4.2014	0
9675	339	0.2679	4.1993	0
9680	338	0.2671	4.1993	0
9685	340	0.2687	4.2004	0
9690	337	0.2663	4.1993	0
9695	336	0.2655	4.2004	0
9700	336	0.2655	4.1982	0
9705	335	0.2647	4.1982	0
9710	334	0.2640	4.1993	0
9715	333	0.2632	4.2004	0
9720	333	0.2632	4.1982	0
9725	331	0.2616	4.2004	0
9730	331	0.2616	4.1993	0
9735	331	0.2616	4.1993	0
9740	328	0.2592	4.2004	0
9745	328	0.2592	4.1993	0
9750	328	0.2592	4.1993	0
9755	326	0.2576	4.1993	0
9760	326	0.2576	4.1993	0
9765	325	0.2568	4.2004	0
9770	324	0.2561	4.2004	0
9775	323	0.2553	4.1982	0
9780	323	0.2553	4.2004	0
9785	321	0.2537	4.1993	0
9790	321	0.2537	4.1993	0
9795	319	0.2521	4.1993	0
9800	319	0.2521	4.2004	0
9805	317	0.2505	4.2004	0
9810	316	0.2497	4.1993	0
9815	317	0.2505	4.2004	0
9820	315	0.2489	4.2004	0
9825	316	0.2497	4.2004	0
9830	314	0.2481	4.1993	0
9835	314	0.2481	4.2004	0
9840	313	0.2474	4.2014	0
9845	311	0.2458	4.1993	0
9850	311	0.2458	4.1993	0
9855	309	0.2442	4.1993	0
9860	310	0.2450	4.1993	0
9865	309	0.2442	4.2014	0
9870	308	0.2434	4.2014	0
9875	308	0.2434	4.1993	0
9880	307	0.2426	4.1993	0
9885	305	0.2410	4.2004	0
9890	304	0.2402	4.1982	0
9895	303	0.2395	4.2004	0
9900	303	0.2395	4.2004	0
9905	303	0.2395	4.2004	0
9910	303	0.2395	4.2004	0
9915	300	0.2371	4.1993	0
9920	301	0.2379	4.2004	0
9925	298	0.2355	4.2004	0
9930	298	0.2355	4.2004	0
9935	297	0.2347	4.1993	0
9940	297	0.2347	4.2004	0
9945	296	0.2339	4.1993	0
9950	296	0.2339	4.2004	0
9955	294	0.2323	4.2004	0
9960	295	0.2331	4.1993	0
9965	292	0.2308	4.2014	0
9970	293	0.2316	4.1993	0
9975	291	0.2300	4.1993	0
9980	291	0.2300	4.2004	0
9985	289	0.2284	4.2004	0
9990	289	0.2284	4.2004	0
9995	287	0.2268	4.2004	0
10000	286	0.2260	4.2014	0
10005	287	0.2268	4.1993	0
10010	287	0.2268	4.2014	0
10015	286	0.2260	4.2004	0
10020	284	0.2244	4.2014	0
10025	284	0.2244	4.2014	0
10030	284	0.2244	4.1993	0
10035	285	0.2252	4.2004	0
10040	282	0.2229	4.2014	0
10045	281	0.2221	4.2014	0
10050	282	0.2229	4.2004	0
10055	280	0.2213	4.1993	0
10060	279	0.2205	4.2004	0
10065	278	0.2197	4.2014	0
10070	280	0.2213	4.2004	0
10075	279	0.2205	4.2014	0
10080	276	0.2181	4.2004	0
10085	274	0.2165	4.2025	0
10090	276	0.2181	4.2004	0
10095	275	0.2173	4.1993	0
10100	273	0.2157	4.1993	0
10105	272	0.2150	4.2014	0
10110	272	0.2150	4.2014	0
10115	272	0.2150	4.2014	0
10120	272	0.2150	4.2014	0
10125	271	0.2142	4.2004	0
10130	269	0.2126	4.2014	0
10135	268	0.2118	4.1993	0
10140	267	0.2110	4.2025	0
10145	268	0.2118	4.2004	0
10150	267	0.2110	4.2004	0
10155	266	0.2102	4.2014	0
10160	267	0.2110	4.2014	0
10165	264	0.2086	4.2014	0
10170	263	0.2078	4.2025	0
10175	265	0.2094	4.2004	0
10180	262	0.2071	4.2004	0
10185	262	0.2071	4.1993	0
10190	260	0.2055	4.2025	0
10195	262	0.2071	4.2004	0
10200	260	0.2055	4.2014	0
10205	259	0.2047	4.2004	0
10210	258	0.2039	4.2004	0
10215	257	0.2031	4.2004	0
10220	259	0.2047	4.2014	0
10225	257	0.2031	4.2014	0
10230	257	0.2031	4.2014	0
10235	254	0.2007	4.2014	0
10240	256	0.2023	4.2025	0
10245	255	0.2015	4.2004	0
10250	253	0.1999	4.2014	0
10255	253	0.1999	4.2014	0
10260	251	0.1984	4.2004	0
10265	251	0.1984	4.2014	0
10270	23	0.0182	4.1834	1
10275	23	0.0182	4.1834	1
10280	25	0.0198	4.1813	1
10285	24	0.0190	4.1813	1
10290	24	0.0190	4.1824	0
10295	22	0.0174	4.1802	0
10300	24	0.0190	4.1802	0
10305	24	0.0190	4.1781	0
10310	25	0.0198	4.1802	0
10315	24	0.0190	4.1781	0
10320	24	0.0190	4.1781	0
10325	25	0.0198	4.1771	0
10330	22	0.0174	4.1781	0
10335	24	0.0190	4.1760	0
10340	23	0.0182	4.1771	0
10345	24	0.0190	4.1771	0
10350	24	0.0190	4.1760	0
10355	24	0.0190	4.1749	0
10360	24	0.0190	4.1749	0
10365	27	0.0213	4.1760	0
10370	24	0.0190	4.1749	0
10375	24	0.0190	4.1749	0
10380	25	0.0198	4.1739	0
10385	23	0.0182	4.1749	0
10390	23	0.0182	4.1749	0
10395	25	0.0198	4.1739	0
10400	24	0.0190	4.1749	0
10405	24	0.0190	4.1728	0
10410	24	0.0190	4.1728	0
10415	24	0.0190	4.1739	0
10420	23	0.0182	4.1728	0
10425	24	0.0190	4.1728	0
10430	23	0.0182	4.1718	0
10435	26	0.0205	4.1728	0
10440	25	0.0198	4.1728	0
10445	25	0.0198	4.1718	0
10450	24	0.0190	4.1728	0
10455	25	0.0198	4.1718	0
10460	24	0.0190	4.1718	0
10465	25	0.0198	4.1718	0
10470	23	0.0182	4.1707	0
10475	24	0.0190	4.1707	0
10480	23	0.0182	4.1707	0
10485	24	0.0190	4.1707	1
10490	23	0.0182	4.1707	1
10495	24	0.0190	4.1707	1
10500	25	0.0198	4.1696	1
10505	22	0.0174	4.1707	1
10510	25	0.0198	4.1707	1
10515	24	0.0190	4.1707	1
10520	22	0.0174	4.1707	1
10525	24	0.0190	4.1707	1
10530	24	0.0190	4.1707	1
10535	24	0.0190	4.1696	1
10540	24	0.0190	4.1696	1
10545	25	0.0198	4.1696	1
10550	25	0.0198	4.1696	1
10555	23	0.0182	4.1696	1
10560	24	0.0190	4.1686	1
10565	24	0.0190	4.1696	1
10570	23	0.0182	4.1675	1
10575	23	0.0182	4.1686	1
10580	24	0.0190	4.1686	1
10585	23	0.0182	4.1686	1
10590	23	0.0182	4.1686	1
10595	24	0.0190	4.1686	1
10600	24	0.0190	4.1686	1
10605	25	0.0198	4.1686	1
10610	24	0.0190	4.1665	1
10615	25	0.0198	4.1675	1
10620	25	0.0198	4.1665	1
10625	23	0.0182	4.1665	1
10630	24	0.0190	4.1675	1
10635	24	0.0190	4.1665	1
10640	23	0.0182	4.1654	1
10645	22	0.0174	4.1654	1
10650	24	0.0190	4.1654	1
10655	26	0.0205	4.1665	1
10660	25	0.0198	4.1675	1
10665	26	0.0205	4.1665	1
10670	25	0.0198	4.1654	1
10675	24	0.0190	4.1654	1
10680	25	0.0198	4.1665	0
10685	26	0.0205	4.1654	0
10690	24	0.0190	4.1654	0
10695	26	0.0205	4.1654	0
10700	25	0.0198	4.1643	0
10705	24	0.0190	4.1643	0
10710	24	0.0190	4.1654	0
10715	24	0.0190	4.1654	0
10720	23	0.0182	4.1643	0
10725	24	0.0190	4.1643	0
10730	24	0.0190	4.1633	0
10735	24	0.0190	4.1643	0
10740	23	0.0182	4.1633	0
10745	24	0.0190	4.1654	0
10750	24	0.0190	4.1633	0
10755	23	0.0182	4.1643	0
10760	24	0.0190	4.1633	0
10765	24	0.0190	4.1633	0
10770	25	0.0198	4.1633	0
10775	25	0.0198	4.1633	0
10780	26	0.0205	4.1643	0
10785	23	0.0182	4.1633	0
10790	25	0.0198	4.1622	0
10795	25	0.0198	4.1622	0
10800	26	0.0205	4.1622	0
10805	25	0.0198	4.1622	0
10810	24	0.0190	4.1633	0
10815	24	0.0190	4.1633	0
10820	24	0.0190	4.1622	0
10825	24	0.0190	4.1622	0
10830	24	0.0190	4.1633	0
10835	25	0.0198	4.1622	0
10840	24	0.0190	4.1612	0
10845	23	0.0182	4.1622	0
10850	24	0.0190	4.1622	0
10855	24	0.0190	4.1622	0
10860	24	0.0190	4.1622	0
10865	24	0.0190	4.1622	0
10870	24	0.0190	4.1622	1
10875	24	0.0190	4.1622	1
10880	22	0.0174	4.1633	1
10885	23	0.0182	4.1612	1
10890	23	0.0182	4.1622	1
10895	24	0.0190	4.1622	1
10900	25	0.0198	4.1633	1
10905	24	0.0190	4.1612	1
10910	25	0.0198	4.1622	1
10915	23	0.0182	4.1612	1
10920	23	0.0182	4.1622	1
10925	25	0.0198	4.1612	1
10930	24	0.0190	4.1622	1
10935	23	0.0182	4.1612	1
10940	25	0.0198	4.1612	1
10945	25	0.0198	4.1612	1
10950	24	0.0190	4.1622	1
10955	23	0.0182	4.1612	1
10960	24	0.0190	4.1601	1
10965	24	0.0190	4.1601	1
10970	24	0.0190	4.1590	1
10975	23	0.0182	4.1590	1
10980	23	0.0182	4.1612	1
10985	23	0.0182	4.1590	1
10990	23	0.0182	4.1601	1
10995	25	0.0198	4.1601	1
11000	23	0.0182	4.1590	1
11005	23	0.0182	4.1612	1
11010	24	0.0190	4.1601	1
11015	23	0.0182	4.1601	1
11020	23	0.0182	4.1590	1
11025	23	0.0182	4.1590	1
11030	25	0.0198	4.1590	1
11035	23	0.0182	4.1590	1
11040	23	0.0182	4.1569	1
11045	24	0.0190	4.1580	1
11050	23	0.0182	4.1580	1
11055	26	0.0205	4.1559	0
11060	24	0.0190	4.1580	0
11065	25	0.0198	4.1590	0
11070	25	0.0198	4.1590	0
11075	23	0.0182	4.1569	0
11080	23	0.0182	4.1569	0
11085	25	0.0198	4.1590	0
11090	24	0.0190	4.1569	0
11095	26	0.0205	4.1580	0
11100	24	0.0190	4.1580	0
11105	24	0.0190	4.1569	0
11110	24	0.0190	4.1569	0
11115	24	0.0190	4.1569	0
11120	25	0.0198	4.1580	0
11125	23	0.0182	4.1569	0
11130	23	0.0182	4.1559	0
11135	23	0.0182	4.1580	0
11140	25	0.0198	4.1569	0
11145	24	0.0190	4.1548	0
11150	24	0.0190	4.1580	0
11155	25	0.0198	4.1569	0
11160	25	0.0198	4.1569	0
11165	24	0.0190	4.1569	0
11170	23	0.0182	4.1559	0
11175	25	0.0198	4.1580	0
11180	24	0.0190	4.1559	0
11185	24	0.0190	4.1548	0
11190	24	0.0190	4.1559	0
11195	24	0.0190	4.1559	0
11200	24	0.0190	4.1569	0
11205	22	0.0174	4.1559	0
11210	547	0.4323	4.1940	0
11215	523	0.4133	4.1951	0
11220	511	0.4038	4.1951	0
11225	501	0.3959	4.1961	0
11230	492	0.3888	4.1961	0
11235	482	0.3809	4.1951	0
11240	471	0.3722	4.1961	0
11245	463	0.3659	4.1951	0
11250	458	0.3619	4.1972	0
11255	449	0.3548	4.1972	0
11260	441	0.3485	4.1972	0
11265	435	0.3438	4.1972	0
11270	429	0.3390	4.1972	0
11275	423	0.3343	4.1982	0
11280	420	0.3319	4.1961	0
11285	413	0.3264	4.1993	0
11290	409	0.3232	4.1972	0
11295	404	0.3193	4.1982	0
11300	400	0.3161	4.1982	0
11305	396	0.3130	4.1961	0
11310	393	0.3106	4.1982	0
11315	388	0.3066	4.1972	0
11320	385	0.3043	4.1982	0
11325	381	0.3011	4.1993	0
11330	377	0.2979	4.1982	0
11335	374	0.2956	4.1993	0
11340	369	0.2916	4.1982	0
11345	367	0.2900	4.1982	0
11350	364	0.2877	4.1982	0
11355	360	0.2845	4.1993	0
11360	358	0.2829	4.1993	0
11365	353	0.2790	4.1982	0
11370	351	0.2774	4.1993	0
11375	349	0.2758	4.1982	0
11380	347	0.2742	4.1993	0
11385	343	0.2711	4.1993	0
11390	340	0.2687	4.1993	0
11395	337	0.2663	4.1993	0
11400	334	0.2640	4.1993	0
11405	331	0.2616	4.1993	0
11410	330	0.2608	4.1993	0
11415	328	0.2592	4.2004	0
11420	324	0.2561	4.2004	0
11425	322	0.2545	4.1993	0
11430	320	0.2529	4.2004	0
11435	317	0.2505	4.1993	0
11440	315	0.2489	4.1993	0
11445	314	0.2481	4.1993	0
11450	310	0.2450	4.2004	0
11455	309	0.2442	4.2004	0
11460	305	0.2410	4.2004	0
11465	305	0.2410	4.1993	0
11470	302	0.2387	4.2004	0
11475	301	0.2379	4.2004	0
11480	299	0.2363	4.1993	0
11485	297	0.2347	4.2004	0
11490	294	0.2323	4.2004	0
11495	292	0.2308	4.1993	0
11500	289	0.2284	4.2014	0
11505	287	0.2268	4.2004	0
11510	286	0.2260	4.2004	0
11515	285	0.2252	4.1993	0
11520	283	0.2237	4.2004	0
11525	281	0.2221	4.2004	0
11530	278	0.2197	4.2004	0
11535	277	0.2189	4.2014	0
11540	276	0.2181	4.2014	0
11545	274	0.2165	4.2014	0
11550	272	0.2150	4.2004	0
11555	270	0.2134	4.2025	0
11560	269	0.2126	4.2004	0
11565	268	0.2118	4.2014	0
11570	266	0.2102	4.2014	0
11575	263	0.2078	4.2004	0
11580	261	0.2063	4.2014	0
11585	262	0.2071	4.2004	0
11590	260	0.2055	4.2025	0
11595	257	0.2031	4.2004	0
11600	257	0.2031	4.2014	0
11605	254	0.2007	4.2014	0
11610	253	0.1999	4.2014	0
11615	253	0.1999	4.2014	0
11620	250	0.1976	4.2014	0
11625	248	0.1960	4.2004	0
11630	247	0.1952	4.2014	0
11635	246	0.1944	4.2025	0
11640	246	0.1944	4.2004	0
11645	242	0.1912	4.2025	0
11650	243	0.1920	4.2014	0
11655	241	0.1905	4.2014	0
11660	239	0.1889	4.2014	0
11665	237	0.1873	4.2025	0
11670	238	0.1881	4.2014	0
11675	236	0.1865	4.2014	0
11680	235	0.1857	4.2004	0
11685	234	0.1849	4.2014	0
11690	233	0.1841	4.2025	0
11695	229	0.1810	4.2004	0
11700	230	0.1818	4.2014	0
11705	228	0.1802	4.2025	0
11710	226	0.1786	4.2014	0
11715	228	0.1802	4.2025	0
11720	226	0.1786	4.2014	0
11725	225	0.1778	4.2025	0
11730	222	0.1754	4.2025	0
11735	222	0.1754	4.2014	0
11740	220	0.1739	4.2014	0
11745	219	0.1731	4.2014	0
11750	218	0.1723	4.2025	0
11755	216	0.1707	4.2004	0
11760	217	0.1715	4.2014	0
11765	214	0.1691	4.2004	0
11770	214	0.1691	4.2025	0
11775	213	0.1683	4.2025	0
11780	212	0.1675	4.2014	0
11785	211	0.1667	4.2025	0
11790	210	0.1660	4.2025	0
11795	207	0.1636	4.2025	0
11800	208	0.1644	4.2014	0
11805	207	0.1636	4.2014	0
11810	205	0.1620	4.2035	0
11815	205	0.1620	4.2004	0
11820	205	0.1620	4.2014	0
11825	202	0.1596	4.2014	0
11830	203	0.1604	4.2025	0
11835	202	0.1596	4.2014	0
11840	200	0.1581	4.2025	0
11845	200	0.1581	4.2025	0
11850	198	0.1565	4.2025	0
11855	197	0.1557	4.2025	0
11860	196	0.1549	4.2025	0
11865	197	0.1557	4.2035	0
11870	194	0.1533	4.2025	0
11875	194	0.1533	4.2025	0
11880	193	0.1525	4.2025	0
11885	192	0.1517	4.2035	0
11890	192	0.1517	4.2025	0
11895	190	0.1502	4.2014	0
11900	189	0.1494	4.2035	0
11905	188	0.1486	4.2025	0
11910	188	0.1486	4.2025	0
11915	187	0.1478	4.2035	0
11920	188	0.1486	4.2014	0
11925	185	0.1462	4.2025	0
11930	186	0.1470	4.2035	0
11935	185	0.1462	4.2025	0
11940	183	0.1446	4.2025	0
11945	183	0.1446	4.2025	0
11950	181	0.1430	4.2035	0
11955	182	0.1438	4.2025	0
11960	179	0.1415	4.2035	0
11965	179	0.1415	4.2035	0
11970	179	0.1415	4.2025	0
11975	177	0.1399	4.2035	0
11980	178	0.1407	4.2025	0
11985	177	0.1399	4.2014	0
11990	175	0.1383	4.2035	0
11995	175	0.1383	4.2025	0
12000	175	0.1383	4.2035	0
12005	173	0.1367	4.2014	0
12010	174	0.1375	4.2025	0
12015	172	0.1359	4.2025	0
12020	172	0.1359	4.2025	0
12025	171	0.1351	4.2035	0
12030	172	0.1359	4.2025	0
12035	169	0.1336	4.2025	0
12040	168	0.1328	4.2025	0
12045	169	0.1336	4.2025	0
12050	168	0.1328	4.2035	0
12055	168	0.1328	4.2025	0
12060	167	0.1320	4.2035	0
12065	168	0.1328	4.2025	0
12070	167	0.1320	4.2025	0
12075	165	0.1304	4.2025	0
12080	165	0.1304	4.2035	0
12085	164	0.1296	4.2035	0
12090	164	0.1296	4.2025	0
12095	163	0.1288	4.2025	0
12100	162	0.1280	4.2025	0
12105	162	0.1280	4.2035	0
12110	161	0.1272	4.2035	0
12115	162	0.1280	4.2025	0
12120	161	0.1272	4.2046	0
12125	161	0.1272	4.2035	0
12130	160	0.1264	4.2025	0
12135	160	0.1264	4.2025	0
12140	160	0.1264	4.2046	0
12145	155	0.1225	4.2035	0
12150	157	0.1241	4.2035	0
12155	156	0.1233	4.2014	0
12160	157	0.1241	4.2035	0
12165	154	0.1217	4.2025	0
12170	155	0.1225	4.2035	0
12175	153	0.1209	4.2046	0
12180	154	0.1217	4.2035	0
12185	153	0.1209	4.2035	0
12190	152	0.1201	4.2035	0
12195	152	0.1201	4.2025	0
12200	152	0.1201	4.2035	0
12205	152	0.1201	4.2025	0
12210	150	0.1185	4.2035	0
12215	151	0.1193	4.2035	0
12220	148	0.1170	4.2035	0
12225	149	0.1178	4.2046	0
12230	149	0.1178	4.2035	0
12235	146	0.1154	4.2025	0
12240	147	0.1162	4.2046	0
12245	148	0.1170	4.2035	0
12250	147	0.1162	4.2046	0
12255	144	0.1138	4.2035	0
12260	145	0.1146	4.2035	0
12265	144	0.1138	4.2035	0
12270	145	0.1146	4.2035	0
12275	146	0.1154	4.2035	0
12280	144	0.1138	4.2035	0
12285	143	0.1130	4.2025	0
12290	145	0.1146	4.2035	0
12295	142	0.1122	4.2025	0
12300	143	0.1130	4.2046	0
12305	141	0.1114	4.2035	0
12310	140	0.1106	4.2035	0
12315	141	0.1114	4.2046	0
12320	140	0.1106	4.2035	0
12325	140	0.1106	4.2035	0
12330	140	0.1106	4.2035	0
12335	139	0.1098	4.2025	0
12340	138	0.1091	4.2046	0
12345	139	0.1098	4.2035	0
12350	139	0.1098	4.2035	0
12355	140	0.1106	4.2035	0
12360	138	0.1091	4.2046	0
12365	138	0.1091	4.2035	0
12370	137	0.1083	4.2035	0
12375	136	0.1075	4.2035	0
12380	136	0.1075	4.2035	0
12385	138	0.1091	4.2035	0
12390	135	0.1067	4.2025	0
12395	135	0.1067	4.2046	0
12400	134	0.1059	4.2046	0
12405	134	0.1059	4.2025	0
12410	131	0.1035	4.2035	0
12415	132	0.1043	4.2035	0
12420	134	0.1059	4.2046	0
12425	133	0.1051	4.2035	0
12430	132	0.1043	4.2046	0
12435	132	0.1043	4.2025	0
12440	132	0.1043	4.2035	0
12445	131	0.1035	4.2035	0
12450	131	0.1035	4.2046	0
12455	131	0.1035	4.2035	0
12460	130	0.1027	4.2046	0
12465	128	0.1012	4.2035	0
12470	130	0.1027	4.2057	0
12475	129	0.1019	4.2046	0
12480	129	0.1019	4.2046	0
12485	128	0.1012	4.2046	0
12490	129	0.1019	4.2046	0
12495	128	0.1012	4.2035	0
12500	127	0.1004	4.2046	0
12505	127	0.1004	4.2046	0
12510	126	0.0996	4.2046	0
12515	125	0.0988	4.2046	0
12520	125	0.0988	4.2046	0
12525	125	0.0988	4.2046	0
12530	125	0.0988	4.2046	0
12535	125	0.0988	4.2046	0
12540	126	0.0996	4.2046	0
12545	125	0.0988	4.2046	0
12550	123	0.0972	4.2046	0
12555	124	0.0980	4.2035	0
12560	123	0.0972	4.2046	0
12565	124	0.0980	4.2046	0
12570	123	0.0972	4.2046	0
12575	122	0.0964	4.2057	0
12580	120	0.0948	4.2046	0
12585	122	0.0964	4.2035	0
12590	121	0.0956	4.2035	0
12595	123	0.0972	4.2035	0
12600	121	0.0956	4.2057	0
12605	122	0.0964	4.2046	0
12610	120	0.0948	4.2035	0
12615	120	0.0948	4.2035	0
12620	119	0.0940	4.2046	0
12625	118	0.0933	4.2046	0
12630	119	0.0940	4.2035	0
12635	119	0.0940	4.2046	0
12640	118	0.0933	4.2046	0
12645	116	0.0917	4.2046	0
12650	117	0.0925	4.2046	0
12655	118	0.0933	4.2046	0
12660	117	0.0925	4.2046	0
12665	116	0.0917	4.2046	0
12670	117	0.0925	4.2035	0
12675	116	0.0917	4.2046	0
12680	117	0.0925	4.2046	0
12685	117	0.0925	4.2035	0
12690	116	0.0917	4.2057	0
12695	114	0.0901	4.2046	0
12700	115	0.0909	4.2057	0
12705	114	0.0901	4.2046	0
12710	115	0.0909	4.2046	0
12715	114	0.0901	4.2057	0
12720	113	0.0893	4.2057	0
12725	113	0.0893	4.2046	0
12730	113	0.0893	4.2057	0
12735	112	0.0885	4.2046	0
12740	112	0.0885	4.2057	0
12745	113	0.0893	4.2035	0
12750	112	0.0885	4.2046	0
12755	111	0.0877	4.2035	0
12760	111	0.0877	4.2057	0
12765	111	0.0877	4.2035	0
12770	112	0.0885	4.2046	0
12775	112	0.0885	4.2046	0
12780	110	0.0869	4.2046	0
12785	111	0.0877	4.2035	0
12790	110	0.0869	4.2046	0
12795	109	0.0861	4.2046	0
12800	107	0.0846	4.2046	0
12805	110	0.0869	4.2046	0
12810	110	0.0869	4.2057	0
12815	110	0.0869	4.2035	0
12820	108	0.0854	4.2046	0
12825	108	0.0854	4.2035	0
12830	107	0.0846	4.2057	0
12835	106	0.0838	4.2046	0
12840	108	0.0854	4.2046	0
12845	108	0.0854	4.2046	0
12850	106	0.0838	4.2046	0
12855	107	0.0846	4.2046	0
12860	108	0.0854	4.2046	0
12865	105	0.0830	4.2046	0
12870	110	0.0869	4.2057	0
12875	107	0.0846	4.2046	0
12880	106	0.0838	4.2046	0
12885	106	0.0838	4.2046	0
12890	105	0.0830	4.2046	0
12895	104	0.0822	4.2046	0
12900	106	0.0838	4.2057	0
12905	105	0.0830	4.2046	0
12910	103	0.0814	4.2078	0
12915	103	0.0814	4.2057	0
12920	107	0.0846	4.2067	0
12925	102	0.0806	4.2057	0
12930	103	0.0814	4.2067	0
12935	105	0.0830	4.2057	0
12940	103	0.0814	4.2078	0
12945	103	0.0814	4.2057	0
12950	103	0.0814	4.2067	0
12955	103	0.0814	4.2057	0
12960	104	0.0822	4.2078	0
12965	100	0.0790	4.2057	0
12970	103	0.0814	4.2067	0
12975	101	0.0798	4.2057	0
12980	102	0.0806	4.2067	0
12985	103	0.0814	4.2057	0
12990	101	0.0798	4.2057	0
12995	101	0.0798	4.2057	0
13000	99	0.0782	4.2078	0
13005	100	0.0790	4.2057	0
13010	102	0.0806	4.2067	0
13015	100	0.0790	4.2057	0
13020	100	0.0790	4.2078	0
