time[s] raw_val Vi  Vbat    CHG Pin
5	249	0.1968	2.7024	0
10	248	0.1960	2.7120	0
15	249	0.1968	2.7226	0
20	250	0.1976	2.7353	0
25	249	0.1968	2.7469	0
30	249	0.1968	2.7575	0
35	248	0.1960	2.7670	0
40	249	0.1968	2.7755	0
45	249	0.1968	2.7851	0
50	249	0.1968	2.7946	0
55	248	0.1960	2.8041	0
60	1272	1.0052	2.8963	0
65	1505	1.1894	2.9885	0
70	1505	1.1894	3.0298	0
75	1504	1.1886	3.0637	0
80	1505	1.1894	3.0933	0
85	1505	1.1894	3.1177	0
90	1504	1.1886	3.1421	0
95	1504	1.1886	3.1611	0
100	1504	1.1886	3.1781	0
105	1504	1.1886	3.1940	0
110	1504	1.1886	3.2088	0
115	1503	1.1878	3.2226	0
120	1504	1.1886	3.2374	0
125	1504	1.1886	3.2491	0
130	1504	1.1886	3.2618	0
135	1504	1.1886	3.2724	0
140	1504	1.1886	3.2851	0
145	1504	1.1886	3.2946	0
150	1504	1.1886	3.3052	0
155	1505	1.1894	3.3158	0
160	1503	1.1878	3.3253	0
165	1504	1.1886	3.3317	0
170	1503	1.1878	3.3423	0
175	1504	1.1886	3.3497	0
180	1504	1.1886	3.3571	0
185	1504	1.1886	3.3666	0
190	1504	1.1886	3.3741	0
195	1505	1.1894	3.3815	0
200	1504	1.1886	3.3889	0
205	1504	1.1886	3.3952	0
210	1504	1.1886	3.4037	0
215	1504	1.1886	3.4101	0
220	1504	1.1886	3.4164	0
225	1503	1.1878	3.4217	0
230	1504	1.1886	3.4281	0
235	1503	1.1878	3.4323	0
240	1504	1.1886	3.4408	0
245	1504	1.1886	3.4461	0
250	1504	1.1886	3.4514	0
255	1504	1.1886	3.4588	0
260	1504	1.1886	3.4630	0
265	1504	1.1886	3.4673	0
270	1505	1.1894	3.4736	0
275	1504	1.1886	3.4779	0
280	1504	1.1886	3.4832	0
285	1503	1.1878	3.4895	0
290	1503	1.1878	3.4927	0
295	1504	1.1886	3.4959	0
300	1505	1.1894	3.5022	0
305	1504	1.1886	3.5065	0
310	1503	1.1878	3.5107	0
315	1502	1.1870	3.5150	0
320	1505	1.1894	3.5181	0
325	1504	1.1886	3.5234	0
330	1504	1.1886	3.5287	0
335	1504	1.1886	3.5330	0
340	1504	1.1886	3.5351	0
345	1504	1.1886	3.5393	0
350	1505	1.1894	3.5446	0
355	1504	1.1886	3.5457	0
360	1504	1.1886	3.5510	0
365	1504	1.1886	3.5542	0
370	1505	1.1894	3.5594	0
375	1504	1.1886	3.5605	0
380	1504	1.1886	3.5637	0
385	1504	1.1886	3.5679	0
390	1504	1.1886	3.5722	0
395	1504	1.1886	3.5753	0
400	1504	1.1886	3.5785	0
405	1504	1.1886	3.5806	0
410	1505	1.1894	3.5849	0
415	1503	1.1878	3.5870	0
420	1505	1.1894	3.5923	0
425	1505	1.1894	3.5944	0
430	1504	1.1886	3.5976	0
435	1504	1.1886	3.6008	0
440	1505	1.1894	3.6039	0
445	1503	1.1878	3.6061	0
450	1505	1.1894	3.6092	0
455	1505	1.1894	3.6103	0
460	1505	1.1894	3.6135	0
465	1505	1.1894	3.6167	0
470	1505	1.1894	3.6198	0
475	1504	1.1886	3.6220	0
480	1505	1.1894	3.6251	0
485	1503	1.1878	3.6272	0
490	1505	1.1894	3.6294	0
495	1505	1.1894	3.6304	0
500	1504	1.1886	3.6336	0
505	1504	1.1886	3.6357	0
510	1505	1.1894	3.6378	0
515	1504	1.1886	3.6400	0
520	1505	1.1894	3.6421	0
525	1505	1.1894	3.6442	0
530	1504	1.1886	3.6453	0
535	1505	1.1894	3.6463	0
540	1503	1.1878	3.6495	0
545	1504	1.1886	3.6495	0
550	1504	1.1886	3.6516	0
555	1505	1.1894	3.6516	0
560	1504	1.1886	3.6537	0
565	1504	1.1886	3.6548	0
570	1504	1.1886	3.6558	0
575	1504	1.1886	3.6548	0
580	1504	1.1886	3.6558	0
585	1504	1.1886	3.6569	0
590	1504	1.1886	3.6569	0
595	1504	1.1886	3.6580	0
600	1504	1.1886	3.6590	0
605	1503	1.1878	3.6580	0
610	1504	1.1886	3.6590	0
615	1504	1.1886	3.6590	0
620	1504	1.1886	3.6601	0
625	1504	1.1886	3.6611	0
630	1505	1.1894	3.6601	0
635	1504	1.1886	3.6622	0
640	1504	1.1886	3.6622	0
645	1504	1.1886	3.6601	0
650	1504	1.1886	3.6622	0
655	1504	1.1886	3.6643	0
660	1504	1.1886	3.6633	0
665	1504	1.1886	3.6643	0
670	1504	1.1886	3.6633	0
675	1504	1.1886	3.6633	0
680	1505	1.1894	3.6654	0
685	1504	1.1886	3.6664	0
690	1504	1.1886	3.6675	0
695	1504	1.1886	3.6654	0
700	1505	1.1894	3.6675	0
705	1503	1.1878	3.6664	0
710	1504	1.1886	3.6664	0
715	1504	1.1886	3.6664	0
720	1505	1.1894	3.6686	0
725	1504	1.1886	3.6686	0
730	1503	1.1878	3.6696	0
735	1504	1.1886	3.6686	0
740	1504	1.1886	3.6707	0
745	1503	1.1878	3.6707	0
750	1504	1.1886	3.6696	0
755	1503	1.1878	3.6717	0
760	1504	1.1886	3.6717	0
765	1503	1.1878	3.6717	0
770	1504	1.1886	3.6717	0
775	1505	1.1894	3.6728	0
780	1503	1.1878	3.6739	0
785	1504	1.1886	3.6739	0
790	1504	1.1886	3.6739	0
795	1503	1.1878	3.6749	0
800	1504	1.1886	3.6760	0
805	1504	1.1886	3.6760	0
810	1503	1.1878	3.6770	0
815	1504	1.1886	3.6760	0
820	1503	1.1878	3.6781	0
825	1504	1.1886	3.6770	0
830	1502	1.1870	3.6792	0
835	1503	1.1878	3.6781	0
840	1503	1.1878	3.6802	0
845	1504	1.1886	3.6802	0
850	1504	1.1886	3.6813	0
855	1504	1.1886	3.6802	0
860	1505	1.1894	3.6813	0
865	1503	1.1878	3.6823	0
870	1504	1.1886	3.6823	0
875	1504	1.1886	3.6823	0
880	1503	1.1878	3.6834	0
885	1504	1.1886	3.6834	0
890	1504	1.1886	3.6845	0
895	1504	1.1886	3.6855	0
900	1504	1.1886	3.6855	0
905	1504	1.1886	3.6866	0
910	1504	1.1886	3.6866	0
915	1503	1.1878	3.6855	0
920	1503	1.1878	3.6866	0
925	1503	1.1878	3.6887	0
930	1504	1.1886	3.6887	0
935	1504	1.1886	3.6897	0
940	1505	1.1894	3.6887	0
945	1504	1.1886	3.6887	0
950	1504	1.1886	3.6908	0
955	1504	1.1886	3.6919	0
960	1503	1.1878	3.6919	0
965	1502	1.1870	3.6908	0
970	1504	1.1886	3.6919	0
975	1503	1.1878	3.6929	0
980	1504	1.1886	3.6929	0
985	1503	1.1878	3.6929	0
990	1503	1.1878	3.6940	0
995	1504	1.1886	3.6940	0
1000	1504	1.1886	3.6950	0
1005	1503	1.1878	3.6950	0
1010	1503	1.1878	3.6972	0
1015	1505	1.1894	3.6972	0
1020	1504	1.1886	3.6982	0
1025	1503	1.1878	3.6972	0
1030	1505	1.1894	3.7014	0
1035	1503	1.1878	3.6982	0
1040	1503	1.1878	3.6993	0
1045	1502	1.1870	3.7003	0
1050	1504	1.1886	3.7014	0
1055	1503	1.1878	3.7014	0
1060	1504	1.1886	3.7035	0
1065	1502	1.1870	3.7025	0
1070	1504	1.1886	3.7025	0
1075	1504	1.1886	3.7035	0
1080	1504	1.1886	3.7046	0
1085	1504	1.1886	3.7056	0
1090	1503	1.1878	3.7056	0
1095	1503	1.1878	3.7056	0
1100	1503	1.1878	3.7056	0
1105	1503	1.1878	3.7078	0
1110	1503	1.1878	3.7078	0
1115	1502	1.1870	3.7078	0
1120	1503	1.1878	3.7088	0
1125	1502	1.1870	3.7078	0
1130	1503	1.1878	3.7109	0
1135	1503	1.1878	3.7099	0
1140	1503	1.1878	3.7131	0
1145	1503	1.1878	3.7120	0
1150	1503	1.1878	3.7120	0
1155	1503	1.1878	3.7131	0
1160	1503	1.1878	3.7131	0
1165	1504	1.1886	3.7131	0
1170	1503	1.1878	3.7152	0
1175	1504	1.1886	3.7152	0
1180	1504	1.1886	3.7162	0
1185	1502	1.1870	3.7173	0
1190	1503	1.1878	3.7173	0
1195	1504	1.1886	3.7184	0
1200	1505	1.1894	3.7205	0
1205	1504	1.1886	3.7205	0
1210	1504	1.1886	3.7215	0
1215	1506	1.1902	3.7205	0
1220	1504	1.1886	3.7215	0
1225	1503	1.1878	3.7226	0
1230	1503	1.1878	3.7215	0
1235	1504	1.1886	3.7236	0
1240	1503	1.1878	3.7247	0
1245	1503	1.1878	3.7258	0
1250	1503	1.1878	3.7258	0
1255	1504	1.1886	3.7258	0
1260	1503	1.1878	3.7258	0
1265	1503	1.1878	3.7268	0
1270	1503	1.1878	3.7279	0
1275	1503	1.1878	3.7279	0
1280	1504	1.1886	3.7289	0
1285	1503	1.1878	3.7279	0
1290	1502	1.1870	3.7300	0
1295	1503	1.1878	3.7311	0
1300	1503	1.1878	3.7332	0
1305	1503	1.1878	3.7300	0
1310	1502	1.1870	3.7332	0
1315	1503	1.1878	3.7342	0
1320	1505	1.1894	3.7342	0
1325	1502	1.1870	3.7364	0
1330	1503	1.1878	3.7364	0
1335	1505	1.1894	3.7364	0
1340	1503	1.1878	3.7374	0
1345	1502	1.1870	3.7385	0
1350	1503	1.1878	3.7374	0
1355	1502	1.1870	3.7385	0
1360	1504	1.1886	3.7395	0
1365	1504	1.1886	3.7395	0
1370	1503	1.1878	3.7417	0
1375	1503	1.1878	3.7417	0
1380	1503	1.1878	3.7417	0
1385	1504	1.1886	3.7427	0
1390	1503	1.1878	3.7438	0
1395	1503	1.1878	3.7438	0
1400	1502	1.1870	3.7438	0
1405	1504	1.1886	3.7448	0
1410	1504	1.1886	3.7459	0
1415	1503	1.1878	3.7459	0
1420	1503	1.1878	3.7470	0
1425	1504	1.1886	3.7470	0
1430	1503	1.1878	3.7470	0
1435	1502	1.1870	3.7491	0
1440	1502	1.1870	3.7491	0
1445	1503	1.1878	3.7491	0
1450	1503	1.1878	3.7512	0
1455	1503	1.1878	3.7512	0
1460	1503	1.1878	3.7523	0
1465	1503	1.1878	3.7512	0
1470	1504	1.1886	3.7544	0
1475	1503	1.1878	3.7533	0
1480	1504	1.1886	3.7565	0
1485	1503	1.1878	3.7554	0
1490	1504	1.1886	3.7554	0
1495	1502	1.1870	3.7544	0
1500	1503	1.1878	3.7575	0
1505	1503	1.1878	3.7565	0
1510	1504	1.1886	3.7597	0
1515	1503	1.1878	3.7586	0
1520	1501	1.1862	3.7597	0
1525	1502	1.1870	3.7586	0
1530	1504	1.1886	3.7607	0
1535	1503	1.1878	3.7618	0
1540	1502	1.1870	3.7607	0
1545	1503	1.1878	3.7628	0
1550	1503	1.1878	3.7639	0
1555	1503	1.1878	3.7639	0
1560	1503	1.1878	3.7650	0
1565	1503	1.1878	3.7650	0
1570	1503	1.1878	3.7660	0
1575	1503	1.1878	3.7671	0
1580	1503	1.1878	3.7692	0
1585	1503	1.1878	3.7692	0
1590	1504	1.1886	3.7681	0
1595	1503	1.1878	3.7681	0
1600	1503	1.1878	3.7703	0
1605	1502	1.1870	3.7703	0
1610	1503	1.1878	3.7724	0
1615	1503	1.1878	3.7703	0
1620	1504	1.1886	3.7724	0
1625	1503	1.1878	3.7724	0
1630	1503	1.1878	3.7734	0
1635	1503	1.1878	3.7745	0
1640	1503	1.1878	3.7734	0
1645	1503	1.1878	3.7745	0
1650	1503	1.1878	3.7766	0
1655	1503	1.1878	3.7766	0
1660	1503	1.1878	3.7777	0
1665	1503	1.1878	3.7777	0
1670	1503	1.1878	3.7787	0
1675	1502	1.1870	3.7787	0
1680	1503	1.1878	3.7787	0
1685	1503	1.1878	3.7798	0
1690	1502	1.1870	3.7819	0
1695	1503	1.1878	3.7819	0
1700	1503	1.1878	3.7819	0
1705	1502	1.1870	3.7830	0
1710	1503	1.1878	3.7830	0
1715	1503	1.1878	3.7840	0
1720	1504	1.1886	3.7840	0
1725	1503	1.1878	3.7851	0
1730	1503	1.1878	3.7862	0
1735	1503	1.1878	3.7872	0
1740	1502	1.1870	3.7862	0
1745	1503	1.1878	3.7883	0
1750	1502	1.1870	3.7883	0
1755	1501	1.1862	3.7883	0
1760	1503	1.1878	3.7893	0
1765	1502	1.1870	3.7893	0
1770	1502	1.1870	3.7893	0
1775	1502	1.1870	3.7914	0
1780	1503	1.1878	3.7914	0
1785	1503	1.1878	3.7914	0
1790	1503	1.1878	3.7914	0
1795	1503	1.1878	3.7914	0
1800	1503	1.1878	3.7925	0
1805	1503	1.1878	3.7914	0
1810	1503	1.1878	3.7936	0
1815	1504	1.1886	3.7936	0
1820	1503	1.1878	3.7936	0
1825	1503	1.1878	3.7946	0
1830	1504	1.1886	3.7936	0
1835	1504	1.1886	3.7946	0
1840	1501	1.1862	3.7946	0
1845	1503	1.1878	3.7936	0
1850	1503	1.1878	3.7946	0
1855	1502	1.1870	3.7957	0
1860	1502	1.1870	3.7946	0
1865	1502	1.1870	3.7957	0
1870	1502	1.1870	3.7957	0
1875	1502	1.1870	3.7946	0
1880	1502	1.1870	3.7957	0
1885	1503	1.1878	3.7957	0
1890	1503	1.1878	3.7957	0
1895	1502	1.1870	3.7957	0
1900	1503	1.1878	3.7957	0
1905	1502	1.1870	3.7957	0
1910	1504	1.1886	3.7967	0
1915	1503	1.1878	3.7957	0
1920	1501	1.1862	3.7978	0
1925	1503	1.1878	3.7967	0
1930	1502	1.1870	3.7967	0
1935	1501	1.1862	3.7978	0
1940	1503	1.1878	3.7989	0
1945	1502	1.1870	3.7989	0
1950	1502	1.1870	3.7999	0
1955	1503	1.1878	3.7989	0
1960	1503	1.1878	3.7999	0
1965	1503	1.1878	3.7999	0
1970	1504	1.1886	3.8010	0
1975	1502	1.1870	3.8010	0
1980	1502	1.1870	3.8020	0
1985	1502	1.1870	3.8020	0
1990	1503	1.1878	3.8031	0
1995	1501	1.1862	3.8020	0
2000	1501	1.1862	3.8031	0
2005	1502	1.1870	3.8042	0
2010	1503	1.1878	3.8042	0
2015	1502	1.1870	3.8042	0
2020	1503	1.1878	3.8063	0
2025	1502	1.1870	3.8042	0
2030	1502	1.1870	3.8052	0
2035	1503	1.1878	3.8063	0
2040	1503	1.1878	3.8073	0
2045	1504	1.1886	3.8073	0
2050	1502	1.1870	3.8073	0
2055	1503	1.1878	3.8063	0
2060	1502	1.1870	3.8084	0
2065	1503	1.1878	3.8084	0
2070	1503	1.1878	3.8084	0
2075	1502	1.1870	3.8095	0
2080	1503	1.1878	3.8105	0
2085	1502	1.1870	3.8105	0
2090	1503	1.1878	3.8105	0
2095	1503	1.1878	3.8116	0
2100	1502	1.1870	3.8137	0
2105	1502	1.1870	3.8137	0
2110	1503	1.1878	3.8137	0
2115	1502	1.1870	3.8137	0
2120	1503	1.1878	3.8148	0
2125	1502	1.1870	3.8148	0
2130	1502	1.1870	3.8158	0
2135	1502	1.1870	3.8137	0
2140	1503	1.1878	3.8158	0
2145	1503	1.1878	3.8169	0
2150	1502	1.1870	3.8158	0
2155	1502	1.1870	3.8169	0
2160	1502	1.1870	3.8190	0
2165	1502	1.1870	3.8179	0
2170	1503	1.1878	3.8201	0
2175	1503	1.1878	3.8201	0
2180	1502	1.1870	3.8190	0
2185	1502	1.1870	3.8211	0
2190	1502	1.1870	3.8201	0
2195	1503	1.1878	3.8211	0
2200	1502	1.1870	3.8211	0
2205	1503	1.1878	3.8211	0
2210	1503	1.1878	3.8222	0
2215	1503	1.1878	3.8232	0
2220	1502	1.1870	3.8232	0
2225	1502	1.1870	3.8222	0
2230	1503	1.1878	3.8232	0
2235	1502	1.1870	3.8243	0
2240	1502	1.1870	3.8253	0
2245	1502	1.1870	3.8253	0
2250	1502	1.1870	3.8264	0
2255	1503	1.1878	3.8275	0
2260	1503	1.1878	3.8253	0
2265	1503	1.1878	3.8264	0
2270	1502	1.1870	3.8285	0
2275	1503	1.1878	3.8275	0
2280	1501	1.1862	3.8285	0
2285	1502	1.1870	3.8296	0
2290	1502	1.1870	3.8306	0
2295	1503	1.1878	3.8285	0
2300	1501	1.1862	3.8306	0
2305	1502	1.1870	3.8306	0
2310	1502	1.1870	3.8328	0
2315	1502	1.1870	3.8317	0
2320	1502	1.1870	3.8317	0
2325	1504	1.1886	3.8338	0
2330	1503	1.1878	3.8349	0
2335	1502	1.1870	3.8349	0
2340	1502	1.1870	3.8359	0
2345	1502	1.1870	3.8359	0
2350	1501	1.1862	3.8370	0
2355	1502	1.1870	3.8370	0
2360	1502	1.1870	3.8381	0
2365	1503	1.1878	3.8391	0
2370	1502	1.1870	3.8391	0
2375	1502	1.1870	3.8391	0
2380	1503	1.1878	3.8391	0
2385	1502	1.1870	3.8391	0
2390	1501	1.1862	3.8412	0
2395	1502	1.1870	3.8412	0
2400	1503	1.1878	3.8412	0
2405	1501	1.1862	3.8412	0
2410	1503	1.1878	3.8434	0
2415	1502	1.1870	3.8444	0
2420	1503	1.1878	3.8434	0
2425	1503	1.1878	3.8434	0
2430	1503	1.1878	3.8455	0
2435	1502	1.1870	3.8455	0
2440	1502	1.1870	3.8476	0
2445	1502	1.1870	3.8465	0
2450	1502	1.1870	3.8455	0
2455	1503	1.1878	3.8476	0
2460	1502	1.1870	3.8487	0
2465	1503	1.1878	3.8487	0
2470	1502	1.1870	3.8497	0
2475	1503	1.1878	3.8508	0
2480	1502	1.1870	3.8508	0
2485	1503	1.1878	3.8508	0
2490	1503	1.1878	3.8508	0
2495	1502	1.1870	3.8508	0
2500	1501	1.1862	3.8518	0
2505	1501	1.1862	3.8540	0
2510	1501	1.1862	3.8550	0
2515	1502	1.1870	3.8540	0
2520	1502	1.1870	3.8561	0
2525	1501	1.1862	3.8550	0
2530	1501	1.1862	3.8561	0
2535	1503	1.1878	3.8582	0
2540	1502	1.1870	3.8592	0
2545	1502	1.1870	3.8582	0
2550	1502	1.1870	3.8582	0
2555	1502	1.1870	3.8603	0
2560	1502	1.1870	3.8603	0
2565	1501	1.1862	3.8603	0
2570	1503	1.1878	3.8624	0
2575	1501	1.1862	3.8614	0
2580	1503	1.1878	3.8635	0
2585	1503	1.1878	3.8645	0
2590	1503	1.1878	3.8645	0
2595	1500	1.1854	3.8635	0
2600	1502	1.1870	3.8667	0
2605	1502	1.1870	3.8667	0
2610	1501	1.1862	3.8677	0
2615	1502	1.1870	3.8688	0
2620	1502	1.1870	3.8688	0
2625	1502	1.1870	3.8688	0
2630	1503	1.1878	3.8698	0
2635	1502	1.1870	3.8709	0
2640	1502	1.1870	3.8720	0
2645	1502	1.1870	3.8730	0
2650	1502	1.1870	3.8730	0
2655	1501	1.1862	3.8730	0
2660	1502	1.1870	3.8741	0
2665	1501	1.1862	3.8762	0
2670	1501	1.1862	3.8762	0
2675	1501	1.1862	3.8751	0
2680	1501	1.1862	3.8783	0
2685	1501	1.1862	3.8773	0
2690	1501	1.1862	3.8783	0
2695	1501	1.1862	3.8773	0
2700	1501	1.1862	3.8804	0
2705	1502	1.1870	3.8794	0
2710	1502	1.1870	3.8815	0
2715	1502	1.1870	3.8815	0
2720	1501	1.1862	3.8826	0
2725	1501	1.1862	3.8826	0
2730	1502	1.1870	3.8826	0
2735	1502	1.1870	3.8836	0
2740	1501	1.1862	3.8836	0
2745	1501	1.1862	3.8857	0
2750	1501	1.1862	3.8868	0
2755	1502	1.1870	3.8878	0
2760	1502	1.1870	3.8889	0
2765	1502	1.1870	3.8889	0
2770	1503	1.1878	3.8889	0
2775	1500	1.1854	3.8889	0
2780	1501	1.1862	3.8910	0
2785	1501	1.1862	3.8900	0
2790	1501	1.1862	3.8921	0
2795	1502	1.1870	3.8931	0
2800	1502	1.1870	3.8953	0
2805	1501	1.1862	3.8942	0
2810	1503	1.1878	3.8953	0
2815	1502	1.1870	3.8953	0
2820	1502	1.1870	3.8974	0
2825	1501	1.1862	3.8974	0
2830	1501	1.1862	3.8974	0
2835	1501	1.1862	3.8984	0
2840	1502	1.1870	3.9006	0
2845	1502	1.1870	3.8984	0
2850	1502	1.1870	3.9016	0
2855	1502	1.1870	3.9016	0
2860	1502	1.1870	3.9016	0
2865	1501	1.1862	3.9027	0
2870	1501	1.1862	3.9037	0
2875	1501	1.1862	3.9048	0
2880	1502	1.1870	3.9059	0
2885	1501	1.1862	3.9059	0
2890	1502	1.1870	3.9069	0
2895	1500	1.1854	3.9069	0
2900	1500	1.1854	3.9090	0
2905	1502	1.1870	3.9080	0
2910	1501	1.1862	3.9101	0
2915	1501	1.1862	3.9112	0
2920	1501	1.1862	3.9133	0
2925	1500	1.1854	3.9112	0
2930	1500	1.1854	3.9122	0
2935	1501	1.1862	3.9133	0
2940	1502	1.1870	3.9143	0
2945	1501	1.1862	3.9154	0
2950	1501	1.1862	3.9165	0
2955	1501	1.1862	3.9165	0
2960	1500	1.1854	3.9186	0
2965	1501	1.1862	3.9186	0
2970	1501	1.1862	3.9186	0
2975	1501	1.1862	3.9207	0
2980	1501	1.1862	3.9196	0
2985	1502	1.1870	3.9196	0
2990	1501	1.1862	3.9207	0
2995	1502	1.1870	3.9207	0
3000	1500	1.1854	3.9228	0
3005	1501	1.1862	3.9228	0
3010	1501	1.1862	3.9228	0
3015	1501	1.1862	3.9249	0
3020	1502	1.1870	3.9249	0
3025	1501	1.1862	3.9260	0
3030	1501	1.1862	3.9292	0
3035	1501	1.1862	3.9270	0
3040	1501	1.1862	3.9292	0
3045	1502	1.1870	3.9302	0
3050	1501	1.1862	3.9323	0
3055	1501	1.1862	3.9313	0
3060	1501	1.1862	3.9323	0
3065	1500	1.1854	3.9334	0
3070	1502	1.1870	3.9323	0
3075	1502	1.1870	3.9334	0
3080	1501	1.1862	3.9345	0
3085	1501	1.1862	3.9355	0
3090	1501	1.1862	3.9366	0
3095	1501	1.1862	3.9366	0
3100	1501	1.1862	3.9376	0
3105	1501	1.1862	3.9355	0
3110	1501	1.1862	3.9387	0
3115	1500	1.1854	3.9376	0
3120	1500	1.1854	3.9398	0
3125	1502	1.1870	3.9408	0
3130	1501	1.1862	3.9419	0
3135	1501	1.1862	3.9429	0
3140	1502	1.1870	3.9440	0
3145	1501	1.1862	3.9451	0
3150	1502	1.1870	3.9429	0
3155	1500	1.1854	3.9440	0
3160	1500	1.1854	3.9451	0
3165	1501	1.1862	3.9461	0
3170	1502	1.1870	3.9472	0
3175	1501	1.1862	3.9472	0
3180	1502	1.1870	3.9472	0
3185	1500	1.1854	3.9472	0
3190	1502	1.1870	3.9504	0
3195	1501	1.1862	3.9493	0
3200	1500	1.1854	3.9493	0
3205	1502	1.1870	3.9525	0
3210	1501	1.1862	3.9504	0
3215	1501	1.1862	3.9535	0
3220	1501	1.1862	3.9514	0
3225	1500	1.1854	3.9514	0
3230	1500	1.1854	3.9535	0
3235	1500	1.1854	3.9546	0
3240	1501	1.1862	3.9556	0
3245	1501	1.1862	3.9578	0
3250	1501	1.1862	3.9567	0
3255	1501	1.1862	3.9578	0
3260	1502	1.1870	3.9588	0
3265	1500	1.1854	3.9588	0
3270	1500	1.1854	3.9588	0
3275	1501	1.1862	3.9588	0
3280	1500	1.1854	3.9609	0
3285	1501	1.1862	3.9599	0
3290	1501	1.1862	3.9609	0
3295	1501	1.1862	3.9620	0
3300	1501	1.1862	3.9631	0
3305	1500	1.1854	3.9631	0
3310	1499	1.1846	3.9641	0
3315	1499	1.1846	3.9631	0
3320	1501	1.1862	3.9641	0
3325	1500	1.1854	3.9652	0
3330	1501	1.1862	3.9652	0
3335	1500	1.1854	3.9662	0
3340	1500	1.1854	3.9673	0
3345	1499	1.1846	3.9673	0
3350	1501	1.1862	3.9684	0
3355	1500	1.1854	3.9694	0
3360	1500	1.1854	3.9694	0
3365	1500	1.1854	3.9694	0
3370	1501	1.1862	3.9694	0
3375	1501	1.1862	3.9715	0
3380	1499	1.1846	3.9715	0
3385	1501	1.1862	3.9715	0
3390	1500	1.1854	3.9726	0
3395	1501	1.1862	3.9737	0
3400	1501	1.1862	3.9737	0
3405	1500	1.1854	3.9747	0
3410	1501	1.1862	3.9768	0
3415	1501	1.1862	3.9758	0
3420	1501	1.1862	3.9758	0
3425	1500	1.1854	3.9758	0
3430	1501	1.1862	3.9768	0
3435	1502	1.1870	3.9768	0
3440	1501	1.1862	3.9768	0
3445	1500	1.1854	3.9790	0
3450	1500	1.1854	3.9800	0
3455	1501	1.1862	3.9790	0
3460	1500	1.1854	3.9800	0
3465	1499	1.1846	3.9800	0
3470	1500	1.1854	3.9811	0
3475	1501	1.1862	3.9800	0
3480	1501	1.1862	3.9821	0
3485	1500	1.1854	3.9832	0
3490	1501	1.1862	3.9843	0
3495	1500	1.1854	3.9832	0
3500	1500	1.1854	3.9832	0
3505	1501	1.1862	3.9843	0
3510	1501	1.1862	3.9843	0
3515	1500	1.1854	3.9874	0
3520	1501	1.1862	3.9853	0
3525	1500	1.1854	3.9853	0
3530	1499	1.1846	3.9864	0
3535	1501	1.1862	3.9864	0
3540	1500	1.1854	3.9885	0
3545	1500	1.1854	3.9895	0
3550	1501	1.1862	3.9906	0
3555	1501	1.1862	3.9895	0
3560	1500	1.1854	3.9895	0
3565	1500	1.1854	3.9895	0
3570	1500	1.1854	3.9917	0
3575	1500	1.1854	3.9906	0
3580	1500	1.1854	3.9917	0
3585	1499	1.1846	3.9927	0
3590	1500	1.1854	3.9917	0
3595	1500	1.1854	3.9938	0
3600	1501	1.1862	3.9917	0
3605	1500	1.1854	3.9927	0
3610	1500	1.1854	3.9948	0
3615	1501	1.1862	3.9948	0
3620	1499	1.1846	3.9959	0
3625	1501	1.1862	3.9959	0
3630	1501	1.1862	3.9948	0
3635	1501	1.1862	3.9959	0
3640	1500	1.1854	3.9959	0
3645	1501	1.1862	3.9970	0
3650	1501	1.1862	3.9980	0
3655	1501	1.1862	3.9970	0
3660	1499	1.1846	3.9970	0
3665	1501	1.1862	4.0001	0
3670	1500	1.1854	4.0001	0
3675	1501	1.1862	4.0001	0
3680	1500	1.1854	4.0001	0
3685	1500	1.1854	4.0001	0
3690	1500	1.1854	4.0012	0
3695	1501	1.1862	4.0001	0
3700	1501	1.1862	4.0023	0
3705	1500	1.1854	4.0012	0
3710	1500	1.1854	4.0023	0
3715	1500	1.1854	4.0044	0
3720	1500	1.1854	4.0023	0
3725	1499	1.1846	4.0044	0
3730	1501	1.1862	4.0033	0
3735	1500	1.1854	4.0044	0
3740	1501	1.1862	4.0065	0
3745	1500	1.1854	4.0076	0
3750	1501	1.1862	4.0076	0
3755	1500	1.1854	4.0065	0
3760	1502	1.1870	4.0076	0
3765	1501	1.1862	4.0076	0
3770	1500	1.1854	4.0076	0
3775	1500	1.1854	4.0086	0
3780	1500	1.1854	4.0086	0
3785	1501	1.1862	4.0086	0
3790	1499	1.1846	4.0097	0
3795	1500	1.1854	4.0097	0
3800	1501	1.1862	4.0107	0
3805	1500	1.1854	4.0118	0
3810	1501	1.1862	4.0129	0
3815	1501	1.1862	4.0107	0
3820	1500	1.1854	4.0118	0
3825	1498	1.1838	4.0118	0
3830	1500	1.1854	4.0129	0
3835	1500	1.1854	4.0129	0
3840	1499	1.1846	4.0139	0
3845	1500	1.1854	4.0129	0
3850	1500	1.1854	4.0139	0
3855	1499	1.1846	4.0160	0
3860	1500	1.1854	4.0139	0
3865	1499	1.1846	4.0150	0
3870	1501	1.1862	4.0160	0
3875	1499	1.1846	4.0150	0
3880	1499	1.1846	4.0171	0
3885	1500	1.1854	4.0160	0
3890	1500	1.1854	4.0171	0
3895	1500	1.1854	4.0171	0
3900	1500	1.1854	4.0192	0
3905	1499	1.1846	4.0192	0
3910	1501	1.1862	4.0192	0
3915	1500	1.1854	4.0192	0
3920	1501	1.1862	4.0203	0
3925	1501	1.1862	4.0203	0
3930	1500	1.1854	4.0213	0
3935	1499	1.1846	4.0203	0
3940	1500	1.1854	4.0213	0
3945	1500	1.1854	4.0234	0
3950	1500	1.1854	4.0213	0
3955	1500	1.1854	4.0224	0
3960	1500	1.1854	4.0245	0
3965	1499	1.1846	4.0224	0
3970	1500	1.1854	4.0224	0
3975	1500	1.1854	4.0234	0
3980	1500	1.1854	4.0245	0
3985	1500	1.1854	4.0256	0
3990	1500	1.1854	4.0256	0
3995	1500	1.1854	4.0245	0
4000	1500	1.1854	4.0256	0
4005	1500	1.1854	4.0256	0
4010	1500	1.1854	4.0266	0
4015	1500	1.1854	4.0256	0
4020	1501	1.1862	4.0287	0
4025	1500	1.1854	4.0277	0
4030	1499	1.1846	4.0287	0
4035	1500	1.1854	4.0277	0
4040	1499	1.1846	4.0298	0
4045	1500	1.1854	4.0287	0
4050	1501	1.1862	4.0298	0
4055	1500	1.1854	4.0287	0
4060	1499	1.1846	4.0298	0
4065	1501	1.1862	4.0309	0
4070	1500	1.1854	4.0309	0
4075	1499	1.1846	4.0309	0
4080	1500	1.1854	4.0309	0
4085	1500	1.1854	4.0319	0
4090	1500	1.1854	4.0330	0
4095	1499	1.1846	4.0319	0
4100	1500	1.1854	4.0340	0
4105	1501	1.1862	4.0330	0
4110	1499	1.1846	4.0330	0
4115	1500	1.1854	4.0330	0
4120	1500	1.1854	4.0340	0
4125	1499	1.1846	4.0340	0
4130	1500	1.1854	4.0362	0
4135	1500	1.1854	4.0340	0
4140	1500	1.1854	4.0362	0
4145	1499	1.1846	4.0351	0
4150	1499	1.1846	4.0383	0
4155	1500	1.1854	4.0372	0
4160	1501	1.1862	4.0383	0
4165	1499	1.1846	4.0372	0
4170	1501	1.1862	4.0383	0
4175	1499	1.1846	4.0372	0
4180	1500	1.1854	4.0383	0
4185	1500	1.1854	4.0383	0
4190	1500	1.1854	4.0383	0
4195	1499	1.1846	4.0404	0
4200	1500	1.1854	4.0393	0
4205	1499	1.1846	4.0393	0
4210	1500	1.1854	4.0415	0
4215	1500	1.1854	4.0415	0
4220	1500	1.1854	4.0415	0
4225	1498	1.1838	4.0404	0
4230	1499	1.1846	4.0415	0
4235	1499	1.1846	4.0415	0
4240	1500	1.1854	4.0425	0
4245	1498	1.1838	4.0425	0
4250	1500	1.1854	4.0436	0
4255	1500	1.1854	4.0425	0
4260	1499	1.1846	4.0446	0
4265	1500	1.1854	4.0436	0
4270	1501	1.1862	4.0457	0
4275	1499	1.1846	4.0457	0
4280	1499	1.1846	4.0446	0
4285	1500	1.1854	4.0457	0
4290	1501	1.1862	4.0468	0
4295	1500	1.1854	4.0468	0
4300	1501	1.1862	4.0468	0
4305	1500	1.1854	4.0468	0
4310	1500	1.1854	4.0478	0
4315	1499	1.1846	4.0468	0
4320	1500	1.1854	4.0468	0
4325	1500	1.1854	4.0457	0
4330	1499	1.1846	4.0478	0
4335	1500	1.1854	4.0478	0
4340	1500	1.1854	4.0489	0
4345	1500	1.1854	4.0510	0
4350	1500	1.1854	4.0478	0
4355	1499	1.1846	4.0489	0
4360	1501	1.1862	4.0489	0
4365	1501	1.1862	4.0499	0
4370	1501	1.1862	4.0510	0
4375	1499	1.1846	4.0499	0
4380	1501	1.1862	4.0521	0
4385	1499	1.1846	4.0499	0
4390	1500	1.1854	4.0521	0
4395	1500	1.1854	4.0510	0
4400	1500	1.1854	4.0531	0
4405	1500	1.1854	4.0521	0
4410	1500	1.1854	4.0521	0
4415	1499	1.1846	4.0531	0
4420	1499	1.1846	4.0552	0
4425	1500	1.1854	4.0531	0
4430	1500	1.1854	4.0552	0
4435	1500	1.1854	4.0531	0
4440	1499	1.1846	4.0542	0
4445	1499	1.1846	4.0552	0
4450	1500	1.1854	4.0542	0
4455	1499	1.1846	4.0552	0
4460	1499	1.1846	4.0563	0
4465	1498	1.1838	4.0563	0
4470	1498	1.1838	4.0563	0
4475	1500	1.1854	4.0563	0
4480	1499	1.1846	4.0563	0
4485	1498	1.1838	4.0563	0
4490	1499	1.1846	4.0573	0
4495	1500	1.1854	4.0573	0
4500	1500	1.1854	4.0573	0
4505	1499	1.1846	4.0584	0
4510	1500	1.1854	4.0584	0
4515	1501	1.1862	4.0595	0
4520	1500	1.1854	4.0605	0
4525	1500	1.1854	4.0595	0
4530	1499	1.1846	4.0595	0
4535	1499	1.1846	4.0616	0
4540	1500	1.1854	4.0595	0
4545	1499	1.1846	4.0616	0
4550	1500	1.1854	4.0605	0
4555	1498	1.1838	4.0595	0
4560	1501	1.1862	4.0616	0
4565	1499	1.1846	4.0605	0
4570	1499	1.1846	4.0616	0
4575	1499	1.1846	4.0626	0
4580	1500	1.1854	4.0626	0
4585	1498	1.1838	4.0637	0
4590	1499	1.1846	4.0626	0
4595	1499	1.1846	4.0637	0
4600	1501	1.1862	4.0637	0
4605	1499	1.1846	4.0648	0
4610	1500	1.1854	4.0637	0
4615	1499	1.1846	4.0637	0
4620	1500	1.1854	4.0658	0
4625	1499	1.1846	4.0658	0
4630	1501	1.1862	4.0658	0
4635	1501	1.1862	4.0658	0
4640	1500	1.1854	4.0669	0
4645	1499	1.1846	4.0658	0
4650	1500	1.1854	4.0669	0
4655	1498	1.1838	4.0658	0
4660	1499	1.1846	4.0679	0
4665	1500	1.1854	4.0669	0
4670	1499	1.1846	4.0690	0
4675	1500	1.1854	4.0690	0
4680	1500	1.1854	4.0679	0
4685	1499	1.1846	4.0701	0
4690	1499	1.1846	4.0690	0
4695	1498	1.1838	4.0690	0
4700	1499	1.1846	4.0701	0
4705	1499	1.1846	4.0690	0
4710	1499	1.1846	4.0722	0
4715	1499	1.1846	4.0711	0
4720	1500	1.1854	4.0701	0
4725	1500	1.1854	4.0711	0
4730	1500	1.1854	4.0701	0
4735	1500	1.1854	4.0701	0
4740	1499	1.1846	4.0722	0
4745	1500	1.1854	4.0711	0
4750	1499	1.1846	4.0722	0
4755	1499	1.1846	4.0722	0
4760	1499	1.1846	4.0743	0
4765	1500	1.1854	4.0732	0
4770	1499	1.1846	4.0732	0
4775	1499	1.1846	4.0732	0
4780	1499	1.1846	4.0732	0
4785	1500	1.1854	4.0722	0
4790	1499	1.1846	4.0743	0
4795	1500	1.1854	4.0743	0
4800	1499	1.1846	4.0764	0
4805	1499	1.1846	4.0754	0
4810	1499	1.1846	4.0754	0
4815	1499	1.1846	4.0764	0
4820	1500	1.1854	4.0743	0
4825	1500	1.1854	4.0754	0
4830	1499	1.1846	4.0775	0
4835	1500	1.1854	4.0754	0
4840	1498	1.1838	4.0764	0
4845	1498	1.1838	4.0775	0
4850	1499	1.1846	4.0775	0
4855	1499	1.1846	4.0785	0
4860	1499	1.1846	4.0775	0
4865	1499	1.1846	4.0785	0
4870	1499	1.1846	4.0785	0
4875	1499	1.1846	4.0785	0
4880	1500	1.1854	4.0785	0
4885	1499	1.1846	4.0785	0
4890	1499	1.1846	4.0796	0
4895	1499	1.1846	4.0785	0
4900	1499	1.1846	4.0807	0
4905	1499	1.1846	4.0796	0
4910	1500	1.1854	4.0807	0
4915	1498	1.1838	4.0817	0
4920	1499	1.1846	4.0817	0
4925	1500	1.1854	4.0817	0
4930	1499	1.1846	4.0817	0
4935	1499	1.1846	4.0817	0
4940	1500	1.1854	4.0817	0
4945	1499	1.1846	4.0828	0
4950	1498	1.1838	4.0828	0
4955	1499	1.1846	4.0838	0
4960	1499	1.1846	4.0838	0
4965	1499	1.1846	4.0838	0
4970	1500	1.1854	4.0849	0
4975	1498	1.1838	4.0828	0
4980	1498	1.1838	4.0859	0
4985	1500	1.1854	4.0838	0
4990	1499	1.1846	4.0838	0
4995	1499	1.1846	4.0859	0
5000	1499	1.1846	4.0870	0
5005	1499	1.1846	4.0849	0
5010	1501	1.1862	4.0859	0
5015	1499	1.1846	4.0870	0
5020	1499	1.1846	4.0881	0
5025	1500	1.1854	4.0859	0
5030	1499	1.1846	4.0870	0
5035	1500	1.1854	4.0859	0
5040	1499	1.1846	4.0881	0
5045	1499	1.1846	4.0870	0
5050	1499	1.1846	4.0891	0
5055	1499	1.1846	4.0881	0
5060	1500	1.1854	4.0902	0
5065	1500	1.1854	4.0881	0
5070	1499	1.1846	4.0902	0
5075	1500	1.1854	4.0891	0
5080	1500	1.1854	4.0902	0
5085	1498	1.1838	4.0891	0
5090	1499	1.1846	4.0912	0
5095	1498	1.1838	4.0902	0
5100	1499	1.1846	4.0923	0
5105	1499	1.1846	4.0912	0
5110	1500	1.1854	4.0923	0
5115	1499	1.1846	4.0912	0
5120	1499	1.1846	4.0944	0
5125	1500	1.1854	4.0923	0
5130	1499	1.1846	4.0944	0
5135	1499	1.1846	4.0923	0
5140	1500	1.1854	4.0934	0
5145	1499	1.1846	4.0934	0
5150	1499	1.1846	4.0944	0
5155	1499	1.1846	4.0944	0
5160	1499	1.1846	4.0955	0
5165	1498	1.1838	4.0944	0
5170	1499	1.1846	4.0976	0
5175	1499	1.1846	4.0955	0
5180	1499	1.1846	4.0965	0
5185	1500	1.1854	4.0955	0
5190	1500	1.1854	4.0965	0
5195	1499	1.1846	4.0976	0
5200	1499	1.1846	4.0997	0
5205	1498	1.1838	4.0976	0
5210	1499	1.1846	4.0987	0
5215	1499	1.1846	4.0987	0
5220	1498	1.1838	4.0987	0
5225	1499	1.1846	4.0987	0
5230	1500	1.1854	4.0997	0
5235	1499	1.1846	4.1008	0
5240	1499	1.1846	4.1008	0
5245	1499	1.1846	4.1008	0
5250	1500	1.1854	4.1008	0
5255	1500	1.1854	4.0997	0
5260	1500	1.1854	4.1029	0
5265	1499	1.1846	4.1008	0
5270	1499	1.1846	4.1018	0
5275	1498	1.1838	4.1029	0
5280	1499	1.1846	4.1029	0
5285	1497	1.1831	4.1029	0
5290	1499	1.1846	4.1040	0
5295	1499	1.1846	4.1040	0
5300	1499	1.1846	4.1050	0
5305	1499	1.1846	4.1050	0
5310	1500	1.1854	4.1071	0
5315	1498	1.1838	4.1040	0
5320	1499	1.1846	4.1061	0
5325	1498	1.1838	4.1061	0
5330	1499	1.1846	4.1071	0
5335	1498	1.1838	4.1071	0
5340	1499	1.1846	4.1082	0
5345	1500	1.1854	4.1071	0
5350	1500	1.1854	4.1071	0
5355	1498	1.1838	4.1082	0
5360	1499	1.1846	4.1093	0
5365	1499	1.1846	4.1082	0
5370	1499	1.1846	4.1093	0
5375	1499	1.1846	4.1093	0
5380	1499	1.1846	4.1114	0
5385	1499	1.1846	4.1103	0
5390	1498	1.1838	4.1114	0
5395	1499	1.1846	4.1124	0
5400	1499	1.1846	4.1124	0
5405	1498	1.1838	4.1124	0
5410	1498	1.1838	4.1146	0
5415	1497	1.1831	4.1114	0
5420	1498	1.1838	4.1146	0
5425	1496	1.1823	4.1124	0
5430	1493	1.1799	4.1146	0
5435	1495	1.1815	4.1135	0
5440	1495	1.1815	4.1146	0
5445	1493	1.1799	4.1156	0
5450	1491	1.1783	4.1167	0
5455	1491	1.1783	4.1167	0
5460	1490	1.1775	4.1167	0
5465	1488	1.1759	4.1167	0
5470	1488	1.1759	4.1177	0
5475	1488	1.1759	4.1167	0
5480	1486	1.1744	4.1177	0
5485	1485	1.1736	4.1188	0
5490	1485	1.1736	4.1177	0
5495	1484	1.1728	4.1188	0
5500	1482	1.1712	4.1188	0
5505	1480	1.1696	4.1188	0
5510	1480	1.1696	4.1220	0
5515	1479	1.1688	4.1198	0
5520	1477	1.1672	4.1209	0
5525	1477	1.1672	4.1209	0
5530	1477	1.1672	4.1209	0
5535	1473	1.1641	4.1209	0
5540	1474	1.1649	4.1220	0
5545	1474	1.1649	4.1209	0
5550	1472	1.1633	4.1241	0
5555	1471	1.1625	4.1230	0
5560	1470	1.1617	4.1241	0
5565	1468	1.1601	4.1230	0
5570	1467	1.1593	4.1241	0
5575	1466	1.1586	4.1230	0
5580	1465	1.1578	4.1251	0
5585	1465	1.1578	4.1241	0
5590	1463	1.1562	4.1251	0
5595	1463	1.1562	4.1251	0
5600	1460	1.1538	4.1283	0
5605	1460	1.1538	4.1262	0
5610	1459	1.1530	4.1283	0
5615	1458	1.1522	4.1273	0
5620	1456	1.1507	4.1283	0
5625	1456	1.1507	4.1273	0
5630	1454	1.1491	4.1283	0
5635	1452	1.1475	4.1283	0
5640	1452	1.1475	4.1283	0
5645	1452	1.1475	4.1294	0
5650	1450	1.1459	4.1294	0
5655	1448	1.1443	4.1294	0
5660	1446	1.1427	4.1304	0
5665	1446	1.1427	4.1304	0
5670	1444	1.1412	4.1315	0
5675	1444	1.1412	4.1336	0
5680	1443	1.1404	4.1315	0
5685	1442	1.1396	4.1315	0
5690	1440	1.1380	4.1336	0
5695	1438	1.1364	4.1326	0
5700	1438	1.1364	4.1336	0
5705	1436	1.1348	4.1336	0
5710	1436	1.1348	4.1336	0
5715	1433	1.1325	4.1336	0
5720	1434	1.1333	4.1347	0
5725	1431	1.1309	4.1357	0
5730	1430	1.1301	4.1368	0
5735	1427	1.1277	4.1357	0
5740	1428	1.1285	4.1368	0
5745	1427	1.1277	4.1368	0
5750	1425	1.1262	4.1379	0
5755	1424	1.1254	4.1379	0
5760	1423	1.1246	4.1389	0
5765	1422	1.1238	4.1379	0
5770	1421	1.1230	4.1400	0
5775	1420	1.1222	4.1400	0
5780	1418	1.1206	4.1400	0
5785	1417	1.1198	4.1400	0
5790	1414	1.1175	4.1410	0
5795	1414	1.1175	4.1410	0
5800	1413	1.1167	4.1410	0
5805	1411	1.1151	4.1400	0
5810	1411	1.1151	4.1410	0
5815	1409	1.1135	4.1421	0
5820	1408	1.1127	4.1421	0
5825	1406	1.1111	4.1421	0
5830	1406	1.1111	4.1442	0
5835	1402	1.1080	4.1442	0
5840	1402	1.1080	4.1442	0
5845	1400	1.1064	4.1421	0
5850	1400	1.1064	4.1442	0
5855	1396	1.1032	4.1442	0
5860	1397	1.1040	4.1463	0
5865	1396	1.1032	4.1453	0
5870	1395	1.1024	4.1463	0
5875	1393	1.1009	4.1453	0
5880	1390	1.0985	4.1463	0
5885	1389	1.0977	4.1463	0
5890	1389	1.0977	4.1485	0
5895	1388	1.0969	4.1474	0
5900	1385	1.0945	4.1495	0
5905	1383	1.0930	4.1474	0
5910	1384	1.0938	4.1485	0
5915	1382	1.0922	4.1485	0
5920	1381	1.0914	4.1495	0
5925	1380	1.0906	4.1485	0
5930	1378	1.0890	4.1506	0
5935	1377	1.0882	4.1516	0
5940	1376	1.0874	4.1506	0
5945	1373	1.0851	4.1516	0
5950	1372	1.0843	4.1506	0
5955	1370	1.0827	4.1516	0
5960	1369	1.0819	4.1537	0
5965	1367	1.0803	4.1527	0
5970	1367	1.0803	4.1537	0
5975	1364	1.0779	4.1527	0
5980	1365	1.0787	4.1537	0
5985	1362	1.0764	4.1537	0
5990	1361	1.0756	4.1548	0
5995	1360	1.0748	4.1559	0
6000	1357	1.0724	4.1559	0
6005	1358	1.0732	4.1548	0
6010	1357	1.0724	4.1548	0
6015	1355	1.0708	4.1559	0
6020	1352	1.0685	4.1559	0
6025	1351	1.0677	4.1569	0
6030	1350	1.0669	4.1569	0
6035	1348	1.0653	4.1559	0
6040	1346	1.0637	4.1580	0
6045	1346	1.0637	4.1569	0
6050	1344	1.0621	4.1590	0
6055	1342	1.0606	4.1580	0
6060	1342	1.0606	4.1590	0
6065	1340	1.0590	4.1601	0
6070	1340	1.0590	4.1601	0
6075	1336	1.0558	4.1590	0
6080	1336	1.0558	4.1601	0
6085	1335	1.0550	4.1612	0
6090	1335	1.0550	4.1601	0
6095	1332	1.0527	4.1612	0
6100	1331	1.0519	4.1612	0
6105	1329	1.0503	4.1601	0
6110	1328	1.0495	4.1633	0
6115	1325	1.0471	4.1612	0
6120	1323	1.0455	4.1612	0
6125	1323	1.0455	4.1622	0
6130	1321	1.0440	4.1633	0
6135	1320	1.0432	4.1643	0
6140	1318	1.0416	4.1643	0
6145	1318	1.0416	4.1633	0
6150	1317	1.0408	4.1643	0
6155	1314	1.0384	4.1643	0
6160	1313	1.0376	4.1643	0
6165	1313	1.0376	4.1643	0
6170	1310	1.0353	4.1654	0
6175	1309	1.0345	4.1665	0
6180	1308	1.0337	4.1633	0
6185	1306	1.0321	4.1643	0
6190	1304	1.0305	4.1654	0
6195	1305	1.0313	4.1643	0
6200	1302	1.0289	4.1675	0
6205	1303	1.0297	4.1665	0
6210	1300	1.0274	4.1665	0
6215	1299	1.0266	4.1665	0
6220	1297	1.0250	4.1665	0
6225	1296	1.0242	4.1665	0
6230	1295	1.0234	4.1665	0
6235	1292	1.0210	4.1675	0
6240	1291	1.0203	4.1675	0
6245	1290	1.0195	4.1675	0
6250	1290	1.0195	4.1696	0
6255	1288	1.0179	4.1686	0
6260	1288	1.0179	4.1686	0
6265	1284	1.0147	4.1675	0
6270	1285	1.0155	4.1686	0
6275	1282	1.0131	4.1686	0
6280	1281	1.0124	4.1686	0
6285	1282	1.0131	4.1686	0
6290	1279	1.0108	4.1696	0
6295	1277	1.0092	4.1686	0
6300	1277	1.0092	4.1707	0
6305	1274	1.0068	4.1707	0
6310	1274	1.0068	4.1707	0
6315	1272	1.0052	4.1686	0
6320	1272	1.0052	4.1696	0
6325	1269	1.0029	4.1707	0
6330	1267	1.0013	4.1728	0
6335	1267	1.0013	4.1718	0
6340	1266	1.0005	4.1718	0
6345	1263	0.9981	4.1718	0
6350	1263	0.9981	4.1728	0
6355	1261	0.9965	4.1707	0
6360	1261	0.9965	4.1718	0
6365	1258	0.9942	4.1718	0
6370	1258	0.9942	4.1718	0
6375	1256	0.9926	4.1707	0
6380	1256	0.9926	4.1718	0
6385	1253	0.9902	4.1728	0
6390	1252	0.9894	4.1728	0
6395	1250	0.9879	4.1739	0
6400	1251	0.9886	4.1728	0
6405	1247	0.9855	4.1718	0
6410	1248	0.9863	4.1739	0
6415	1247	0.9855	4.1718	0
6420	1245	0.9839	4.1739	0
6425	1243	0.9823	4.1728	0
6430	1243	0.9823	4.1739	0
6435	1240	0.9800	4.1728	0
6440	1240	0.9800	4.1739	0
6445	1240	0.9800	4.1728	0
6450	1237	0.9776	4.1749	0
6455	1237	0.9776	4.1739	0
6460	1234	0.9752	4.1749	0
6465	1232	0.9736	4.1749	0
6470	1232	0.9736	4.1739	0
6475	1228	0.9705	4.1739	0
6480	1229	0.9713	4.1749	0
6485	1228	0.9705	4.1749	0
6490	1226	0.9689	4.1749	0
6495	1226	0.9689	4.1749	0
6500	1225	0.9681	4.1760	0
6505	1223	0.9665	4.1749	0
6510	1223	0.9665	4.1749	0
6515	1221	0.9649	4.1739	0
6520	1219	0.9634	4.1760	0
6525	1217	0.9618	4.1749	0
6530	1218	0.9626	4.1760	0
6535	1214	0.9594	4.1749	0
6540	1212	0.9578	4.1760	0
6545	1212	0.9578	4.1739	0
6550	1210	0.9562	4.1760	0
6555	1211	0.9570	4.1760	0
6560	1209	0.9555	4.1771	0
6565	1207	0.9539	4.1760	0
6570	1208	0.9547	4.1760	0
6575	1204	0.9515	4.1760	0
6580	1204	0.9515	4.1760	0
6585	1201	0.9491	4.1771	0
6590	1201	0.9491	4.1771	0
6595	1200	0.9483	4.1760	0
6600	1200	0.9483	4.1771	0
6605	1197	0.9460	4.1760	0
6610	1196	0.9452	4.1781	0
6615	1194	0.9436	4.1771	0
6620	1192	0.9420	4.1771	0
6625	1191	0.9412	4.1760	0
6630	1190	0.9404	4.1781	0
6635	1189	0.9396	4.1781	0
6640	1187	0.9381	4.1781	0
6645	1184	0.9357	4.1771	0
6650	1185	0.9365	4.1781	0
6655	1184	0.9357	4.1781	0
6660	1183	0.9349	4.1781	0
6665	1180	0.9325	4.1771	0
6670	1180	0.9325	4.1771	0
6675	1177	0.9302	4.1771	0
6680	1175	0.9286	4.1781	0
6685	1176	0.9294	4.1771	0
6690	1173	0.9270	4.1781	0
6695	1173	0.9270	4.1771	0
6700	1172	0.9262	4.1781	0
6705	1170	0.9246	4.1781	0
6710	1167	0.9223	4.1792	0
6715	1168	0.9231	4.1781	0
6720	1165	0.9207	4.1781	0
6725	1163	0.9191	4.1802	0
6730	1160	0.9167	4.1792	0
6735	1160	0.9167	4.1781	0
6740	1159	0.9159	4.1802	0
6745	1156	0.9136	4.1781	0
6750	1157	0.9144	4.1792	0
6755	1155	0.9128	4.1781	0
6760	1151	0.9096	4.1802	0
6765	1150	0.9088	4.1781	0
6770	1149	0.9080	4.1792	0
6775	1146	0.9057	4.1792	0
6780	1145	0.9049	4.1792	0
6785	1144	0.9041	4.1792	0
6790	1144	0.9041	4.1792	0
6795	1142	0.9025	4.1802	0
6800	1141	0.9017	4.1802	0
6805	1137	0.8986	4.1802	0
6810	1137	0.8986	4.1802	0
6815	1136	0.8978	4.1802	0
6820	1135	0.8970	4.1813	0
6825	1133	0.8954	4.1802	0
6830	1132	0.8946	4.1802	0
6835	1130	0.8930	4.1802	0
6840	1129	0.8922	4.1802	0
6845	1128	0.8914	4.1792	0
6850	1125	0.8891	4.1792	0
6855	1122	0.8867	4.1802	0
6860	1122	0.8867	4.1802	0
6865	1120	0.8851	4.1802	0
6870	1119	0.8843	4.1802	0
6875	1119	0.8843	4.1802	0
6880	1115	0.8812	4.1802	0
6885	1114	0.8804	4.1813	0
6890	1113	0.8796	4.1813	0
6895	1112	0.8788	4.1802	0
6900	1110	0.8772	4.1802	0
6905	1108	0.8756	4.1813	0
6910	1106	0.8741	4.1813	0
6915	1105	0.8733	4.1813	0
6920	1103	0.8717	4.1824	0
6925	1101	0.8701	4.1802	0
6930	1099	0.8685	4.1813	0
6935	1099	0.8685	4.1813	0
6940	1097	0.8669	4.1824	0
6945	1096	0.8662	4.1824	0
6950	1093	0.8638	4.1813	0
6955	1090	0.8614	4.1802	0
6960	1091	0.8622	4.1802	0
6965	1089	0.8606	4.1813	0
6970	1085	0.8575	4.1824	0
6975	1085	0.8575	4.1824	0
6980	1084	0.8567	4.1813	0
6985	1082	0.8551	4.1813	0
6990	1080	0.8535	4.1813	0
6995	1078	0.8519	4.1813	0
7000	1076	0.8503	4.1802	0
7005	1075	0.8496	4.1813	0
7010	1072	0.8472	4.1813	0
7015	1072	0.8472	4.1813	0
7020	1071	0.8464	4.1813	0
7025	1068	0.8440	4.1813	0
7030	1067	0.8432	4.1813	0
7035	1066	0.8424	4.1824	0
7040	1065	0.8417	4.1824	0
7045	1062	0.8393	4.1813	0
7050	1061	0.8385	4.1824	0
7055	1060	0.8377	4.1813	0
7060	1058	0.8361	4.1813	0
7065	1055	0.8337	4.1824	0
7070	1055	0.8337	4.1824	0
7075	1053	0.8322	4.1813	0
7080	1051	0.8306	4.1824	0
7085	1051	0.8306	4.1824	0
7090	1048	0.8282	4.1824	0
7095	1046	0.8266	4.1824	0
7100	1044	0.8251	4.1834	0
7105	1043	0.8243	4.1824	0
7110	1042	0.8235	4.1824	0
7115	1040	0.8219	4.1813	0
7120	1037	0.8195	4.1834	0
7125	1037	0.8195	4.1824	0
7130	1035	0.8179	4.1824	0
7135	1033	0.8164	4.1824	0
7140	1033	0.8164	4.1834	0
7145	1029	0.8132	4.1824	0
7150	1030	0.8140	4.1824	0
7155	1028	0.8124	4.1824	0
7160	1026	0.8108	4.1834	0
7165	1024	0.8092	4.1813	0
7170	1022	0.8077	4.1824	0
7175	1022	0.8077	4.1824	0
7180	1020	0.8061	4.1834	0
7185	1017	0.8037	4.1824	0
7190	1015	0.8021	4.1824	0
7195	1015	0.8021	4.1824	0
7200	1014	0.8013	4.1824	0
7205	1010	0.7982	4.1824	0
7210	1010	0.7982	4.1824	0
7215	1007	0.7958	4.1834	0
7220	1005	0.7942	4.1834	0
7225	1004	0.7934	4.1824	0
7230	1004	0.7934	4.1834	0
7235	1002	0.7919	4.1824	0
7240	999	0.7895	4.1834	0
7245	998	0.7887	4.1834	0
7250	995	0.7863	4.1834	0
7255	993	0.7848	4.1834	0
7260	994	0.7855	4.1834	0
7265	991	0.7832	4.1824	0
7270	990	0.7824	4.1834	0
7275	989	0.7816	4.1834	0
7280	987	0.7800	4.1834	0
7285	985	0.7784	4.1834	0
7290	983	0.7768	4.1834	0
7295	983	0.7768	4.1834	0
7300	981	0.7753	4.1834	0
7305	979	0.7737	4.1834	0
7310	978	0.7729	4.1834	0
7315	975	0.7705	4.1845	0
7320	973	0.7689	4.1845	0
7325	972	0.7682	4.1834	0
7330	968	0.7650	4.1834	0
7335	969	0.7658	4.1845	0
7340	967	0.7642	4.1855	0
7345	965	0.7626	4.1845	0
7350	965	0.7626	4.1855	0
7355	962	0.7603	4.1845	0
7360	961	0.7595	4.1845	0
7365	958	0.7571	4.1834	0
7370	957	0.7563	4.1845	0
7375	956	0.7555	4.1845	0
7380	954	0.7539	4.1845	0
7385	952	0.7523	4.1845	0
7390	950	0.7508	4.1855	0
7395	949	0.7500	4.1855	0
7400	948	0.7492	4.1855	0
7405	945	0.7468	4.1845	0
7410	946	0.7476	4.1845	0
7415	942	0.7444	4.1845	0
7420	941	0.7437	4.1845	0
7425	940	0.7429	4.1845	0
7430	939	0.7421	4.1855	0
7435	936	0.7397	4.1855	0
7440	933	0.7373	4.1845	0
7445	932	0.7365	4.1845	0
7450	931	0.7358	4.1845	0
7455	928	0.7334	4.1845	0
7460	927	0.7326	4.1855	0
7465	926	0.7318	4.1855	0
7470	923	0.7294	4.1866	0
7475	923	0.7294	4.1866	0
7480	922	0.7286	4.1866	0
7485	921	0.7279	4.1845	0
7490	919	0.7263	4.1845	0
7495	915	0.7231	4.1845	0
7500	913	0.7215	4.1855	0
7505	912	0.7207	4.1845	0
7510	910	0.7192	4.1866	0
7515	908	0.7176	4.1855	0
7520	907	0.7168	4.1866	0
7525	906	0.7160	4.1855	0
7530	902	0.7128	4.1866	0
7535	901	0.7120	4.1855	0
7540	901	0.7120	4.1855	0
7545	898	0.7097	4.1855	0
7550	899	0.7105	4.1855	0
7555	896	0.7081	4.1855	0
7560	893	0.7057	4.1855	0
7565	892	0.7049	4.1855	0
7570	893	0.7057	4.1855	0
7575	890	0.7034	4.1866	0
7580	888	0.7018	4.1866	0
7585	885	0.6994	4.1855	0
7590	884	0.6986	4.1855	0
7595	882	0.6970	4.1866	0
7600	880	0.6954	4.1866	0
7605	878	0.6939	4.1866	0
7610	878	0.6939	4.1866	0
7615	875	0.6915	4.1855	0
7620	875	0.6915	4.1855	0
7625	871	0.6883	4.1866	0
7630	870	0.6875	4.1855	0
7635	868	0.6860	4.1866	0
7640	866	0.6844	4.1876	0
7645	865	0.6836	4.1866	0
7650	864	0.6828	4.1876	0
7655	863	0.6820	4.1866	0
7660	860	0.6796	4.1866	0
7665	858	0.6781	4.1866	0
7670	856	0.6765	4.1866	0
7675	855	0.6757	4.1876	0
7680	853	0.6741	4.1876	0
7685	852	0.6733	4.1866	0
7690	850	0.6717	4.1876	0
7695	847	0.6694	4.1876	0
7700	847	0.6694	4.1876	0
7705	845	0.6678	4.1876	0
7710	844	0.6670	4.1876	0
7715	842	0.6654	4.1866	0
7720	839	0.6630	4.1876	0
7725	838	0.6623	4.1866	0
7730	837	0.6615	4.1876	0
7735	836	0.6607	4.1866	0
7740	834	0.6591	4.1876	0
7745	832	0.6575	4.1866	0
7750	830	0.6559	4.1876	0
7755	828	0.6544	4.1866	0
7760	827	0.6536	4.1876	0
7765	826	0.6528	4.1876	0
7770	824	0.6512	4.1876	0
7775	822	0.6496	4.1866	0
7780	820	0.6480	4.1876	0
7785	818	0.6465	4.1876	0
7790	817	0.6457	4.1887	0
7795	814	0.6433	4.1876	0
7800	814	0.6433	4.1876	0
7805	811	0.6409	4.1887	0
7810	809	0.6393	4.1876	0
7815	808	0.6385	4.1876	0
7820	808	0.6385	4.1876	0
7825	805	0.6362	4.1876	0
7830	802	0.6338	4.1887	0
7835	802	0.6338	4.1887	0
7840	800	0.6322	4.1876	0
7845	797	0.6299	4.1876	0
7850	797	0.6299	4.1876	0
7855	796	0.6291	4.1866	0
7860	792	0.6259	4.1876	0
7865	792	0.6259	4.1887	0
7870	790	0.6243	4.1887	0
7875	788	0.6227	4.1876	0
7880	786	0.6212	4.1876	0
7885	784	0.6196	4.1876	0
7890	783	0.6188	4.1876	0
7895	782	0.6180	4.1887	0
7900	780	0.6164	4.1887	0
7905	778	0.6148	4.1876	0
7910	776	0.6133	4.1887	0
7915	774	0.6117	4.1898	0
7920	772	0.6101	4.1887	0
7925	771	0.6093	4.1887	0
7930	770	0.6085	4.1887	0
7935	769	0.6077	4.1887	0
7940	766	0.6054	4.1887	0
7945	765	0.6046	4.1887	0
7950	765	0.6046	4.1887	0
7955	762	0.6022	4.1887	0
7960	760	0.6006	4.1898	0
7965	757	0.5982	4.1887	0
7970	756	0.5975	4.1887	0
7975	754	0.5959	4.1887	0
7980	753	0.5951	4.1898	0
7985	750	0.5927	4.1898	0
7990	750	0.5927	4.1898	0
7995	748	0.5911	4.1887	0
8000	748	0.5911	4.1887	0
8005	744	0.5880	4.1898	0
8010	742	0.5864	4.1898	0
8015	741	0.5856	4.1887	0
8020	739	0.5840	4.1898	0
8025	736	0.5816	4.1908	0
8030	737	0.5824	4.1887	0
8035	734	0.5801	4.1887	0
8040	732	0.5785	4.1898	0
8045	730	0.5769	4.1898	0
8050	730	0.5769	4.1898	0
8055	729	0.5761	4.1898	0
8060	725	0.5730	4.1898	0
8065	724	0.5722	4.1898	0
8070	723	0.5714	4.1898	0
8075	721	0.5698	4.1898	0
8080	720	0.5690	4.1898	0
8085	718	0.5674	4.1887	0
8090	716	0.5658	4.1898	0
8095	715	0.5651	4.1898	0
8100	712	0.5627	4.1898	0
8105	711	0.5619	4.1908	0
8110	709	0.5603	4.1898	0
8115	708	0.5595	4.1898	0
8120	707	0.5587	4.1898	0
8125	705	0.5571	4.1898	0
8130	703	0.5556	4.1898	0
8135	703	0.5556	4.1908	0
8140	699	0.5524	4.1898	0
8145	698	0.5516	4.1898	0
8150	696	0.5500	4.1919	0
8155	695	0.5492	4.1898	0
8160	693	0.5477	4.1908	0
8165	692	0.5469	4.1887	0
8170	690	0.5453	4.1908	0
8175	688	0.5437	4.1908	0
8180	688	0.5437	4.1898	0
8185	685	0.5413	4.1898	0
8190	683	0.5398	4.1908	0
8195	681	0.5382	4.1908	0
8200	681	0.5382	4.1919	0
8205	679	0.5366	4.1908	0
8210	678	0.5358	4.1919	0
8215	675	0.5334	4.1919	0
8220	674	0.5327	4.1919	0
8225	672	0.5311	4.1908	0
8230	671	0.5303	4.1919	0
8235	669	0.5287	4.1908	0
8240	667	0.5271	4.1919	0
8245	665	0.5255	4.1908	0
8250	663	0.5240	4.1908	0
8255	663	0.5240	4.1898	0
8260	660	0.5216	4.1919	0
8265	658	0.5200	4.1929	0
8270	657	0.5192	4.1908	0
8275	655	0.5176	4.1919	0
8280	654	0.5168	4.1908	0
8285	653	0.5161	4.1908	0
8290	650	0.5137	4.1908	0
8295	649	0.5129	4.1919	0
8300	647	0.5113	4.1919	0
8305	647	0.5113	4.1908	0
8310	644	0.5089	4.1919	0
8315	642	0.5074	4.1908	0
8320	641	0.5066	4.1919	0
8325	640	0.5058	4.1908	0
8330	638	0.5042	4.1919	0
8335	636	0.5026	4.1908	0
8340	634	0.5010	4.1929	0
8345	633	0.5002	4.1919	0
8350	631	0.4987	4.1919	0
8355	629	0.4971	4.1919	0
8360	626	0.4947	4.1929	0
8365	626	0.4947	4.1919	0
8370	625	0.4939	4.1929	0
8375	623	0.4923	4.1908	0
8380	622	0.4916	4.1919	0
8385	622	0.4916	4.1908	0
8390	619	0.4892	4.1919	0
8395	616	0.4868	4.1919	0
8400	616	0.4868	4.1919	0
8405	613	0.4844	4.1919	0
8410	612	0.4837	4.1929	0
8415	611	0.4829	4.1919	0
8420	609	0.4813	4.1929	0
8425	608	0.4805	4.1929	0
8430	608	0.4805	4.1929	0
8435	604	0.4773	4.1919	0
8440	604	0.4773	4.1940	0
8445	602	0.4758	4.1929	0
8450	600	0.4742	4.1940	0
8455	597	0.4718	4.1919	0
8460	597	0.4718	4.1929	0
8465	594	0.4694	4.1919	0
8470	593	0.4686	4.1919	0
8475	591	0.4671	4.1919	0
8480	592	0.4678	4.1929	0
8485	590	0.4663	4.1929	0
8490	588	0.4647	4.1929	0
8495	586	0.4631	4.1929	0
8500	585	0.4623	4.1929	0
8505	583	0.4607	4.1919	0
8510	583	0.4607	4.1940	0
8515	579	0.4576	4.1929	0
8520	577	0.4560	4.1929	0
8525	576	0.4552	4.1929	0
8530	576	0.4552	4.1929	0
8535	574	0.4536	4.1929	0
8540	571	0.4513	4.1940	0
8545	571	0.4513	4.1929	0
8550	569	0.4497	4.1929	0
8555	568	0.4489	4.1919	0
8560	569	0.4497	4.1929	0
8565	565	0.4465	4.1940	0
8570	562	0.4441	4.1940	0
8575	562	0.4441	4.1929	0
8580	559	0.4418	4.1940	0
8585	559	0.4418	4.1929	0
8590	558	0.4410	4.1940	0
8595	556	0.4394	4.1940	0
8600	553	0.4370	4.1940	0
8605	552	0.4362	4.1929	0
8610	551	0.4354	4.1940	0
8615	550	0.4347	4.1919	0
8620	549	0.4339	4.1940	0
8625	547	0.4323	4.1940	0
8630	545	0.4307	4.1929	0
8635	544	0.4299	4.1940	0
8640	541	0.4275	4.1940	0
8645	540	0.4268	4.1929	0
8650	540	0.4268	4.1951	0
8655	539	0.4260	4.1929	0
8660	538	0.4252	4.1940	0
8665	536	0.4236	4.1940	0
8670	533	0.4212	4.1940	0
8675	531	0.4196	4.1951	0
8680	531	0.4196	4.1940	0
8685	530	0.4189	4.1940	0
8690	527	0.4165	4.1951	0
8695	527	0.4165	4.1929	0
8700	526	0.4157	4.1951	0
8705	523	0.4133	4.1940	0
8710	522	0.4125	4.1951	0
8715	521	0.4117	4.1951	0
8720	520	0.4109	4.1929	0
8725	518	0.4094	4.1940	0
8730	517	0.4086	4.1961	0
8735	516	0.4078	4.1940	0
8740	515	0.4070	4.1951	0
8745	514	0.4062	4.1940	0
8750	513	0.4054	4.1961	0
8755	512	0.4046	4.1951	0
8760	511	0.4038	4.1940	0
8765	511	0.4038	4.1940	0
8770	510	0.4030	4.1951	0
8775	510	0.4030	4.1940	0
8780	510	0.4030	4.1951	0
8785	509	0.4023	4.1951	0
8790	509	0.4023	4.1961	0
8795	507	0.4007	4.1940	0
8800	507	0.4007	4.1951	0
8805	505	0.3991	4.1961	0
8810	504	0.3983	4.1951	0
8815	504	0.3983	4.1951	0
8820	501	0.3959	4.1951	0
8825	499	0.3944	4.1951	0
8830	499	0.3944	4.1961	0
8835	497	0.3928	4.1951	0
8840	496	0.3920	4.1951	0
8845	496	0.3920	4.1951	0
8850	494	0.3904	4.1961	0
8855	493	0.3896	4.1940	0
8860	490	0.3872	4.1951	0
8865	488	0.3857	4.1961	0
8870	488	0.3857	4.1961	0
8875	487	0.3849	4.1940	0
8880	484	0.3825	4.1951	0
